0.83965 0.83326 0.13737 0.44341 3.45188
0.78184 0.47306 0.18185 0.86121 2.78950
0.23579 0.00599 0.60554 0.01541 -1.30279
0.44272 0.01932 0.59870 0.88796 0.44020
0.09472 0.61252 0.87638 0.34652 1.56572
0.86571 0.62181 0.08464 0.78943 3.37458
0.76058 0.71652 0.84423 0.45907 1.71734
0.95014 0.46392 0.75592 0.96079 1.72147
0.12289 0.74693 0.35583 0.57066 3.57509
0.09728 0.03219 0.69255 0.78227 0.39556
0.21204 0.53693 0.58061 0.53631 2.11070
0.19379 0.20374 0.48771 0.97818 1.84001
0.81553 0.93242 0.21137 0.32786 3.50421
0.06446 0.87922 0.26920 0.32885 3.83447
0.21060 0.64270 0.44755 0.81108 3.39548
0.30611 0.47483 0.65188 0.47997 1.51056
0.06498 0.94819 0.03310 0.17484 4.24640
0.08688 0.57378 0.15832 0.17845 2.41897
0.72569 0.16578 0.38801 0.56287 0.51721
0.00775 0.83315 0.60865 0.43132 3.26212
0.43852 0.60713 0.12658 0.33279 2.63815
0.77349 0.05633 0.04354 0.66091 0.87836
0.02459 0.43911 0.18077 0.68788 2.94764
0.64478 0.46090 0.38061 0.95977 2.69045
0.45052 0.15060 0.87436 0.86810 0.41936
0.57563 0.05139 0.88862 0.16542 -1.63104
0.94752 0.77225 0.44194 0.62696 2.91035
0.40461 0.64446 0.52121 0.50504 2.44048
0.29050 0.15888 0.08713 0.33298 0.95568
0.01502 0.66371 0.32226 0.94720 4.18463
0.38389 0.98837 0.64944 0.58326 3.82993
0.91260 0.68358 0.17043 0.73418 3.31261
0.92986 0.90245 0.17154 0.62009 3.97466
0.71682 0.62972 0.26146 0.20172 1.95226
0.60216 0.07344 0.18301 0.01397 -0.54036
0.02515 0.76735 0.51725 0.08362 2.40385
0.36788 0.28023 0.26810 0.67461 1.78100
0.24294 0.42834 0.13582 0.38017 2.14058
0.04945 0.87565 0.34259 0.12478 3.25879
0.94979 0.79319 0.28263 0.82304 3.71706
0.06715 0.49790 0.10433 0.20274 2.27116
0.07817 0.92997 0.41261 0.10719 3.29154
0.32067 0.60918 0.98476 0.27310 0.98987
0.39501 0.54941 0.73782 0.52499 1.67856
0.76887 0.14042 0.16008 0.64808 0.98755
0.42542 0.84728 0.60999 0.50584 3.10929
0.91088 0.72976 0.22362 0.42170 2.74264
0.07922 0.23271 0.86460 0.52737 0.38642
0.14181 0.46286 0.52140 0.46345 1.81830
0.40351 0.93143 0.77205 0.28302 2.70054
0.70601 0.20284 0.20615 0.59484 1.10498
0.40070 0.35367 0.25433 0.94523 2.66339
0.13432 0.81514 0.82350 0.63861 3.10657
0.90899 0.23446 0.41748 0.70685 0.89516
0.75706 0.77089 0.39357 0.25179 2.36651
0.98602 0.13379 0.20174 0.84666 1.11126
0.90647 0.71913 0.19179 0.90648 3.79370
0.13003 0.68193 0.09534 0.46972 3.57615
0.05281 0.83775 0.77742 0.35396 2.75586
0.63524 0.51330 0.12252 0.64330 2.73772
0.89543 0.22936 0.27042 0.60832 0.95597
0.70949 0.88360 0.03508 0.84187 4.82120
0.15559 0.17545 0.38845 0.08864 0.05096
0.36182 0.39239 0.48817 0.72329 1.94344
0.46697 0.44085 0.00666 0.41480 2.31530
0.05216 0.75609 0.10448 0.82627 4.69841
0.54278 0.38678 0.34421 0.24643 1.01977
0.02514 0.08661 0.30067 0.99705 1.89147
0.22023 0.89097 0.23820 0.41506 3.98901
0.89942 0.79797 0.82574 0.51514 2.09253
0.40430 0.27798 0.96149 0.92309 0.94788
0.41387 0.35407 0.50430 0.76231 1.78838
0.81447 0.16163 0.09697 0.65622 1.17414
0.78985 0.81555 0.27224 0.00176 2.22483
0.00240 0.14085 0.02156 0.04242 0.64048
0.07050 0.02743 0.42503 0.59456 0.50910
0.66253 0.37061 0.26731 0.15884 0.80613
0.99777 0.47849 0.15720 0.56841 2.04599
0.48339 0.48092 0.51012 0.60840 1.92300
0.52579 0.25631 0.07816 0.70047 1.95760
0.49281 0.47351 0.63392 0.68249 1.80539
0.30972 0.63710 0.83243 0.97146 2.89291
0.02605 0.94484 0.61723 0.52920 3.90841
0.07399 0.81574 0.84312 0.58453 3.00988
0.52837 0.15162 0.97152 0.34184 -0.94959
0.63307 0.32278 0.24979 0.52945 1.45240
0.61151 0.10017 0.12086 0.38558 0.47294
0.77234 0.11568 0.94800 0.97403 0.07361
0.28963 0.24636 0.44590 0.89907 1.84631
0.35269 0.29772 0.01520 0.14597 1.22490
0.69715 0.97668 0.61728 0.86312 4.16106
0.18405 0.65612 0.24733 0.17482 2.50301
0.57516 0.63025 0.32924 0.27262 2.10120
0.81155 0.45621 0.56836 0.00524 0.13537
0.80456 0.75886 0.32178 0.23762 2.38047
0.87215 0.63817 0.00775 0.29805 2.53886
0.60367 0.95012 0.08429 0.90256 5.23024
0.86339 0.94432 0.25220 0.41958 3.62953
0.91816 0.98537 0.91903 0.57050 2.80570
0.81720 0.67218 0.93769 0.63707 1.68134
0.60081 0.76942 0.99759 0.11981 1.06736
0.97648 0.59092 0.46453 0.97239 2.81275
0.78080 0.19227 0.47856 0.52458 0.32636
0.65000 0.40123 0.84264 0.04702 -0.38709
0.03743 0.46449 0.01930 0.45837 2.86235
0.43707 0.87442 0.97289 0.70196 2.93969
0.19163 0.65581 0.08053 0.46089 3.42117
0.54410 0.40726 0.67789 0.72278 1.48307
0.92040 0.15032 0.45939 0.60340 0.23071
0.91871 0.18576 0.66443 0.02322 -1.24322
0.11422 0.52615 0.56704 0.54074 2.18683
0.17061 0.58674 0.01160 0.65022 3.68277
0.33109 0.85793 0.50401 0.47938 3.38281
0.19730 0.55736 0.38270 0.80442 3.15696
0.90335 0.98763 0.43367 0.18665 2.93569
0.43059 0.36031 0.79377 0.83819 1.41028
0.70721 0.72943 0.15037 0.17246 2.53006
0.41675 0.32368 0.22212 0.18262 0.96175
0.27045 0.63040 0.95204 0.19358 1.01665
0.91413 0.06913 0.25096 0.14776 -0.67838
0.02453 0.70601 0.35799 0.27908 2.86501
0.63671 0.13500 0.76658 0.19324 -1.04112
0.21416 0.54506 0.96479 0.14608 0.58146
0.29084 0.43815 0.87543 0.55781 1.10948
0.08938 0.68634 0.54559 0.42510 2.67842
0.79243 0.62489 0.34905 0.66814 2.69075
0.76632 0.79994 0.43546 0.66538 3.28092
0.91485 0.12639 0.57571 0.97044 0.69420
0.21115 0.18193 0.58493 0.46318 0.45205
0.20415 0.90798 0.24846 0.48639 4.20710
0.50809 0.69724 0.78648 0.14462 1.29972
0.08222 0.35072 0.13343 0.46233 2.13465
0.52350 0.68417 0.89999 0.40745 1.57414
0.71391 0.36674 0.09601 0.29174 1.35337
0.24386 0.71681 0.09876 0.67531 4.05358
0.35260 0.94879 0.37034 0.74263 4.56121
0.73946 0.28059 0.24946 0.22025 0.52364
0.06703 0.97463 0.51946 0.72665 4.60399
0.88135 0.94270 0.41435 0.68370 3.86008
0.87991 0.51413 0.72513 0.55129 1.18235
0.81277 0.66940 0.16157 0.14565 2.10568
0.48276 0.15557 0.50314 0.58833 0.52344
0.81192 0.94610 0.65823 0.57247 3.23467
0.09980 0.33599 0.83692 0.12872 0.00797
0.31514 0.92521 0.49918 0.28080 3.26704
0.99272 0.16106 0.35441 0.92484 1.09593
0.46508 0.32833 0.36182 0.50498 1.35858
0.09123 0.81879 0.25875 0.46871 3.87371
0.59035 0.83374 0.99802 0.42031 1.98606
0.68479 0.89080 0.80152 0.32817 2.32124
0.61085 0.60451 0.18637 0.43124 2.57076
0.14003 0.42054 0.30828 0.42524 1.96603
0.43853 0.11058 0.20526 0.60717 0.98009
0.35953 0.68577 0.63070 0.37292 2.16473
0.00831 0.63367 0.71754 0.82025 3.04133
0.76846 0.80444 0.27636 0.57605 3.41083
0.67772 0.58477 0.78089 0.89302 2.27917
0.95607 0.00504 0.98833 0.14980 -2.38487
0.10571 0.11951 0.12921 0.82996 1.92999
0.73212 0.81218 0.02728 0.10433 2.94613
0.63065 0.57039 0.87420 0.97945 2.26628
0.36164 0.70257 0.84015 0.44334 1.98467
0.87823 0.04601 0.30884 0.81577 0.56690
0.36344 0.01540 0.72649 0.51739 -0.53806
0.63005 0.41033 0.16476 0.33008 1.56168
0.18273 0.79003 0.76093 0.20344 2.15139
0.17748 0.47698 0.04796 0.53428 2.89838
0.66051 0.40471 0.99392 0.13909 -0.47385
0.59961 0.93541 0.28918 0.61713 4.17451
0.64944 0.83317 0.33843 0.30080 2.93307
0.72704 0.26663 0.25045 0.81231 1.73351
0.63033 0.88136 0.16747 0.07491 2.99789
0.65212 0.42961 0.08754 0.17866 1.44829
0.00302 0.35628 0.90389 0.37315 0.57134
0.04683 0.01753 0.20994 0.66521 1.04809
0.71399 0.62730 0.51002 0.76029 2.65967
0.70545 0.48375 0.98107 0.96345 1.59781
0.97576 0.76297 0.47948 0.79397 3.13023
0.51600 0.43756 0.72155 0.27741 0.60483
0.89462 0.02068 0.12209 0.37835 -0.12939
0.18827 0.51655 0.50911 0.39034 1.87137
0.16045 0.28039 0.26365 0.88036 2.41077
0.26140 0.62078 0.99692 0.21222 0.93831
0.24640 0.30058 0.66192 0.58697 1.03766
0.60338 0.18678 0.22041 0.34301 0.56490
0.00770 0.19040 0.21557 0.09316 0.58314
0.85024 0.72240 0.17286 0.99555 4.08261
0.12088 0.53472 0.92977 0.60452 1.66212
0.59459 0.13941 0.23586 0.48503 0.64580
0.47311 0.28362 0.13646 0.04670 0.61720
0.47904 0.64645 0.93571 0.44020 1.45612
0.51626 0.95208 0.09262 0.68842 4.84416
0.00443 0.17977 0.64627 0.80563 1.23704
0.02691 0.53140 0.39228 0.50259 2.53751
0.18734 0.09393 0.97042 0.81358 0.11384
0.77241 0.49690 0.88604 0.60574 1.01406
0.03550 0.72714 0.63738 0.24533 2.34060
0.30533 0.96719 0.21060 0.57964 4.63780
0.12403 0.53675 0.48455 0.62061 2.54978
0.13990 0.50635 0.03647 0.77420 3.58757
0.17336 0.64139 0.72990 0.27078 1.73580
0.14134 0.85215 0.32781 0.32717 3.53743
0.52050 0.66654 0.94212 0.79001 2.23621
0.80964 0.84836 0.91548 0.81643 2.85413
0.40594 0.76882 0.88004 0.79159 2.88966
0.99576 0.55163 0.09841 0.00656 1.27248
0.38558 0.50438 0.39219 0.96688 3.09528
0.89254 0.32374 0.99491 0.10585 -1.09221
0.02291 0.41561 0.97368 0.39732 0.72231
0.50061 0.58492 0.04776 0.57811 3.16180
0.17782 0.89184 0.52169 0.03014 2.67144
0.67219 0.73620 0.99417 0.04432 0.71033
0.15551 0.59180 0.12097 0.49959 3.18872
0.45277 0.50886 0.16940 0.62948 2.76126
0.72105 0.17695 0.76070 0.82115 0.40828
0.71241 0.37776 0.74341 0.99303 1.66051
0.06239 0.07460 0.09043 0.08217 0.26193
0.70062 0.07311 0.56565 0.73408 0.17494
0.06348 0.60690 0.11922 0.85213 4.08683
0.67804 0.76067 0.57884 0.47341 2.51190
0.56789 0.74356 0.60719 0.02393 1.52673
0.38574 0.56488 0.81554 0.72569 2.03088
0.22952 0.77510 0.95910 0.47385 2.24524
0.73572 0.51835 0.51971 0.89386 2.44722
0.98720 0.60563 0.84333 0.74874 1.66831
0.74509 0.06825 0.58207 0.77524 0.17158
0.19696 0.21514 0.57688 0.69578 1.11466
0.53948 0.05237 0.02903 0.12377 -0.04707
0.95001 0.20765 0.43624 0.57609 0.43207
0.75752 0.46215 0.94943 0.13300 -0.24566
0.95599 0.76183 0.73344 0.12904 1.24467
0.61347 0.63298 0.42786 0.65925 2.71369
0.95146 0.82995 0.17302 0.06690 2.47044
0.76395 0.44552 0.13646 0.22398 1.41998
0.74454 0.82340 0.16525 0.03245 2.56685
0.54434 0.28980 0.00421 0.22777 1.21743
0.22463 0.95919 0.79043 0.15325 2.66414
0.19210 0.46126 0.66998 0.27554 1.08456
0.76304 0.83392 0.01268 0.78985 4.49666
0.63375 0.71197 0.36239 0.97200 3.81866
0.27092 0.43718 0.74747 0.19922 0.60366
0.54635 0.25209 0.24449 0.76543 1.74320
0.25570 0.33257 0.04527 0.16761 1.44602
0.90015 0.39916 0.90328 0.29183 -0.21105
0.82148 0.36550 0.92767 0.65597 0.44478
0.46889 0.73646 0.84463 0.33580 1.79558
0.10553 0.01811 0.56907 0.79425 0.58958
0.62906 0.13384 0.22595 0.23416 0.07710
0.72160 0.83478 0.58720 0.36995 2.54969
0.36898 0.69705 0.18772 0.74510 3.83909
0.06483 0.10477 0.35129 0.76635 1.34581
0.97780 0.56444 0.29830 0.15178 1.27070
0.28055 0.44618 0.84390 0.22148 0.49689
0.13005 0.32982 0.87444 0.61115 0.91023
0.67959 0.48014 0.13445 0.61389 2.47358
0.40545 0.71642 0.57440 0.23347 2.06389
0.69003 0.17494 0.50194 0.12992 -0.55074
0.25426 0.52290 0.79518 0.70035 1.95486
0.57088 0.75424 0.71839 0.30660 1.95874
0.68814 0.35388 0.36511 0.44073 1.12659
0.97646 0.40294 0.55226 0.76842 1.41983
0.14102 0.92547 0.50463 0.48028 3.83573
0.80725 0.81187 0.32943 0.14096 2.38122
0.57523 0.32702 0.76513 0.92999 1.39227
0.31205 0.91309 0.46155 0.73819 4.26346
0.36548 0.98724 0.13377 0.34203 4.30997
0.06431 0.44941 0.81976 0.38971 1.10508
0.75751 0.91150 0.57195 0.94489 4.09349
0.67917 0.75905 0.32945 0.28919 2.58697
0.31999 0.88165 0.95992 0.97071 3.66983
0.60307 0.57609 0.21878 0.94661 3.49261
0.70303 0.70744 0.94899 0.78293 2.21939
0.52756 0.07409 0.60894 0.05432 -1.19687
0.75192 0.61094 0.65365 0.87930 2.53700
0.88490 0.09827 0.83354 0.89685 -0.04529
0.41634 0.58495 0.70220 0.07983 0.93017
0.51966 0.41985 0.84186 0.78930 1.38701
0.80569 0.01566 0.34633 0.31907 -0.62512
0.74659 0.79703 0.40344 0.46183 2.91396
0.61200 0.45405 0.22630 0.50781 2.02272
0.06952 0.36366 0.89079 0.53354 0.90995
0.51210 0.60644 0.83157 0.44500 1.46685
0.49376 0.48791 0.54979 0.81223 2.30144
0.99797 0.36024 0.48921 0.56720 0.91291
0.93359 0.20074 0.86355 0.14507 -1.31309
0.82067 0.30168 0.07434 0.68337 1.85957
0.57996 0.14072 0.58977 0.54465 0.11725
0.77508 0.95903 0.98247 0.19675 1.90498
0.12473 0.62516 0.36945 0.50644 2.89788
0.38080 0.92153 0.27512 0.26863 3.59433
0.84870 0.21401 0.04549 0.81642 1.80350
0.46924 0.09276 0.41146 0.12028 -0.55052
0.19060 0.11655 0.21655 0.24079 0.42292
0.64589 0.12948 0.83692 0.58491 -0.37312
0.22254 0.57388 0.13366 0.56494 3.16899
0.44132 0.01481 0.43597 0.96608 0.89849
0.03071 0.18764 0.00094 0.42812 1.67249
0.05077 0.42408 0.49130 0.57490 2.02962
0.50383 0.09029 0.28241 0.21273 -0.14901
0.25881 0.65797 0.92413 0.36347 1.55766
0.38803 0.75003 0.65495 0.19410 1.98370
0.93030 0.40487 0.01152 0.04135 0.95133
0.74416 0.81544 0.74729 0.52193 2.46685
0.12240 0.49101 0.96677 0.35634 0.87822
0.18726 0.17780 0.21705 0.65975 1.57433
0.20122 0.54650 0.06030 0.28508 2.61666
0.68079 0.93177 0.76854 0.95562 3.89508
0.34738 0.40221 0.42646 0.68528 2.03417
0.50675 0.58672 0.47610 0.87988 2.99047
0.04245 0.71450 0.31942 0.17128 2.72905
0.56542 0.72474 0.61513 0.79041 3.06515
0.57416 0.85147 0.73750 0.19773 2.09749
0.48032 0.50395 0.47450 0.31730 1.47123
0.77476 0.15771 0.91523 0.87315 0.09628
0.49177 0.60370 0.62332 0.17885 1.30349
0.78283 0.47066 0.92119 0.62579 0.87007
0.56087 0.46262 0.71103 0.18113 0.48606
0.56726 0.24046 0.77851 0.70560 0.53175
0.67042 0.61607 0.35624 0.45302 2.28984
0.58014 0.78843 0.77328 0.46528 2.32772
0.84232 0.94787 0.27462 0.42370 3.62917
0.22025 0.40112 0.05634 0.81619 3.12484
0.91231 0.08522 0.01193 0.76036 1.14943
0.99682 0.59796 0.10411 0.62052 2.76208
0.05776 0.75783 0.79433 0.31770 2.30545
0.55767 0.48146 0.66361 0.37922 1.07996
0.64382 0.97184 0.74969 0.67571 3.53688
0.14611 0.84665 0.79004 0.71253 3.44986
0.16109 0.39391 0.02855 0.08518 1.64436
0.19661 0.79725 0.29980 0.79738 4.31109
0.66028 0.28083 0.02457 0.36686 1.33459
0.92625 0.05694 0.04349 0.99821 1.46393
0.15389 0.43380 0.49867 0.60657 2.03298
0.28498 0.59476 0.38115 0.84783 3.33249
0.94948 0.71404 0.45187 0.42902 2.22339
0.61390 0.49058 0.34231 0.32046 1.55549
0.12890 0.09917 0.42823 0.47431 0.49793
0.45023 0.31178 0.66067 0.04297 -0.24994
0.19193 0.82456 0.47091 0.40866 3.27752
0.60465 0.85178 0.11252 0.39861 3.68916
0.46421 0.59383 0.78527 0.64130 1.96178
0.03060 0.66517 0.09518 0.86529 4.43510
0.35752 0.15428 0.92533 0.58873 -0.17449
0.43444 0.05899 0.94433 0.35639 -1.17429
0.21523 0.06891 0.39456 0.01759 -0.61324
0.42773 0.31480 0.89406 0.97105 1.31276
0.35634 0.63459 0.51102 0.04463 1.48135
0.86674 0.47475 0.22772 0.38606 1.62353
0.38824 0.86644 0.68570 0.30413 2.64950
0.09328 0.95630 0.17448 0.57686 4.84176
0.16485 0.74336 0.50857 0.57042 3.23173
0.96139 0.30499 0.85971 0.99920 0.92608
0.24663 0.51253 0.55993 0.72482 2.41781
0.40476 0.94110 0.44553 0.63350 4.10749
0.93630 0.80265 0.89407 0.46008 1.83247
0.62888 0.43843 0.67505 0.24727 0.53336
0.03665 0.57910 0.06206 0.63204 3.63393
0.86133 0.56807 0.81283 0.33133 0.79109
0.54249 0.93820 0.78214 0.84218 3.77692
0.86554 0.38137 0.03244 0.74369 2.36385
0.80362 0.04094 0.06902 0.05766 -0.54499
0.14683 0.61585 0.00521 0.46719 3.44913
0.94121 0.17297 0.09772 0.64517 1.08524
0.62887 0.11180 0.93852 0.51363 -0.77767
0.56986 0.26867 0.28100 0.52775 1.21716
0.11140 0.38078 0.22282 0.91561 3.02974
0.75671 0.12795 0.38782 0.41638 0.01918
0.70185 0.50628 0.56904 0.05907 0.55630
0.69594 0.94907 0.50948 0.44176 3.35457
0.93047 0.70926 0.75647 0.73040 2.28124
0.70586 0.32311 0.47332 0.38886 0.66493
0.85740 0.71623 0.74559 0.67637 2.28083
0.42268 0.62301 0.07904 0.13309 2.38468
0.59605 0.15240 0.59426 0.72379 0.52485
0.44431 0.62522 0.32782 0.73621 3.18440
0.13891 0.84087 0.24930 0.18211 3.33291
0.64939 0.40376 0.79354 0.20498 0.05364
0.11225 0.53463 0.45258 0.87647 3.15647
0.44897 0.05515 0.75158 0.69682 -0.11205
0.25663 0.42328 0.21078 0.82669 2.91448
0.16047 0.48557 0.88312 0.36069 0.99022
0.94596 0.47828 0.83186 0.53219 0.72924
0.63158 0.85416 0.08317 0.51800 3.98534
0.55618 0.42391 0.15402 0.82753 2.76277
0.92970 0.69262 0.61083 0.77843 2.59129
0.13196 0.34828 0.31877 0.64425 2.11467
0.84202 0.63581 0.97448 0.39597 0.92326
0.75422 0.97081 0.55463 0.33495 3.08159
0.74745 0.35230 0.01166 0.43348 1.72512
0.72107 0.55464 0.49154 0.73989 2.33908
0.10605 0.37141 0.70604 0.20152 0.55576
0.39135 0.40053 0.80533 0.29874 0.44461
0.65362 0.94493 0.05616 0.29179 3.91845
0.83839 0.18897 0.74577 0.93810 0.63272
0.77172 0.27475 0.08638 0.76445 1.93884
0.65588 0.50864 0.90509 0.12825 0.11415
0.66446 0.37476 0.89675 0.68578 0.74458
0.70897 0.11993 0.36991 0.16849 -0.46576
0.34164 0.47403 0.10132 0.99940 3.62915
0.98870 0.83017 0.81167 0.83025 2.84661
0.84198 0.93305 0.26296 0.44001 3.62391
0.07371 0.38529 0.85725 0.59742 1.19715
0.29110 0.81850 0.73865 0.31170 2.44850
0.38288 0.33660 0.66197 0.96164 1.86601
0.79169 0.38613 0.65827 0.07525 -0.16458
0.77949 0.77051 0.36720 0.37755 2.66292
0.76118 0.66863 0.23082 0.31442 2.37515
0.09389 0.83093 0.01214 0.66407 4.80764
0.71618 0.19504 0.80272 0.79528 0.35375
0.62452 0.77155 0.21082 0.25249 2.83558
0.55425 0.81218 0.49169 0.16917 2.35674
0.02878 0.74293 0.80919 0.53100 2.69374
0.15540 0.91460 0.14224 0.49677 4.50229
0.80820 0.55721 0.05035 0.67223 2.96910
0.77740 0.88301 0.46656 0.79419 3.83596
0.02319 0.62352 0.83948 0.96774 3.06707
0.34777 0.63943 0.79547 0.74382 2.45522
0.33151 0.82100 0.94946 0.52026 2.46578
0.36482 0.36633 0.69392 0.44132 0.83941
0.10365 0.74876 0.02076 0.52731 4.14547
0.86254 0.30932 0.90711 0.54197 -0.03147
0.36057 0.13657 0.21627 0.80588 1.56014
0.51381 0.71027 0.74899 0.60162 2.39324
0.63414 0.96498 0.34966 0.78026 4.50053
0.67585 0.97553 0.17278 0.01874 3.22485
0.10399 0.51702 0.03951 0.70220 3.50525
0.99869 0.21713 0.54854 0.15998 -0.66995
0.29817 0.32195 0.16101 0.78318 2.45309
0.49515 0.13054 0.19423 0.99701 1.86464
0.70523 0.61425 0.79039 0.74872 2.05400
0.67463 0.58146 0.50850 0.96209 2.93348
0.54586 0.94962 0.28039 0.31614 3.65814
0.45341 0.58162 0.26612 0.99190 3.65411
0.90696 0.12580 0.65792 0.16869 -1.16358
0.12442 0.88353 0.47767 0.97440 4.77625
0.01835 0.18609 0.67518 0.91315 1.42508
0.63930 0.90846 0.15258 0.34938 3.71639
0.89939 0.38721 0.43929 0.58975 1.25648
0.92551 0.91755 0.74013 0.71943 3.17093
0.10313 0.66328 0.21664 0.43101 3.20801
0.15484 0.94895 0.44011 0.14876 3.34000
0.82588 0.64359 0.33052 0.88872 3.24461
0.71779 0.34866 0.18387 0.67715 1.92645
0.24469 0.58829 0.42555 0.75177 3.05187
0.63532 0.78756 0.61639 0.12686 1.85411
0.47323 0.63656 0.95574 0.23679 0.94869
0.99621 0.04920 0.89727 0.35039 -1.63412
0.75504 0.08810 0.83532 0.04125 -1.79730
0.63391 0.68747 0.54208 0.07007 1.45432
0.62690 0.79603 0.27153 0.69726 3.76731
0.77851 0.82289 0.22258 0.64530 3.72941
0.60013 0.47889 0.15391 0.08943 1.38556
0.37856 0.68116 0.79924 0.15235 1.33837
0.25385 0.93447 0.67498 0.74083 4.00413
0.74120 0.36279 0.25002 0.58814 1.65006
0.51073 0.80238 0.23905 0.87820 4.34331
0.95317 0.75149 0.27173 0.22025 2.27671
0.47084 0.15513 0.99460 0.05846 -1.53090
0.48533 0.48948 0.62602 0.75029 2.03856
0.10996 0.02675 0.83056 0.67635 -0.12665
0.63948 0.89728 0.44478 0.35827 3.13173
0.92101 0.01546 0.06508 0.36006 -0.10496
0.55476 0.79835 0.77484 0.34526 2.13356
0.86376 0.12405 0.47933 0.51415 -0.05786
0.67595 0.41347 0.43162 0.72922 1.87548
0.67250 0.19496 0.99431 0.64793 -0.28630
0.81865 0.59351 0.64216 0.23897 1.06432
0.16325 0.46236 0.96102 0.22070 0.44383
0.57244 0.28100 0.44484 0.27784 0.42323
0.80500 0.50522 0.38280 0.77220 2.33263
0.07324 0.25916 0.80101 0.89215 1.40029
0.72381 0.04772 0.51694 0.79620 0.27244
0.62877 0.98362 0.86016 0.45107 2.91153
0.27559 0.75876 0.43359 0.72832 3.67766
0.91647 0.73476 0.34252 0.87932 3.50594
0.52046 0.92957 0.33315 0.79497 4.51435
0.56312 0.29554 0.64759 0.62959 0.85502
0.61958 0.46296 0.90946 0.19288 0.08291
0.10456 0.70288 0.75584 0.08818 1.61766
0.89880 0.36372 0.53915 0.54108 0.86439
0.34910 0.45883 0.68670 0.93784 2.31305
0.87871 0.25625 0.31337 0.04546 -0.19527
0.67670 0.13818 0.54949 0.39118 -0.22856
0.51542 0.17253 0.69414 0.94428 0.95972
0.04836 0.30207 0.15149 0.94092 2.94338
0.31596 0.93360 0.78901 0.58783 3.40308
0.77608 0.67236 0.53008 0.57363 2.35946
0.39687 0.44796 0.41995 0.61731 2.05106
0.48028 0.15125 0.82050 0.46129 -0.36709
0.35575 0.66522 0.87372 0.58946 2.07948
0.43443 0.05599 0.69246 0.02008 -1.42286
0.91803 0.18036 0.25787 0.21164 -0.09046
0.88946 0.70146 0.98227 0.74611 1.88808
0.67082 0.07942 0.14022 0.19691 -0.10505
0.00624 0.09747 0.62184 0.41723 0.10890
0.76998 0.44004 0.94632 0.86168 1.20642
0.29211 0.48295 0.20451 0.97976 3.47213
0.22178 0.87520 0.15976 0.64376 4.55712
0.04358 0.01768 0.58453 0.19417 -0.66374
0.48194 0.26360 0.60281 0.84793 1.34184
0.03290 0.22421 0.07154 0.01512 0.81155
0.71739 0.80418 0.17528 0.36691 3.20227
0.74212 0.33898 0.44210 0.13175 0.21227
0.71942 0.73855 0.80432 0.87726 2.81214
0.14261 0.17088 0.32518 0.82088 1.72146
0.89831 0.05649 0.67800 0.69015 -0.37677
0.95567 0.71455 0.90357 0.89289 2.34696
0.16988 0.92668 0.91593 0.49537 3.06442
0.65298 0.30350 0.74239 0.11544 -0.46502
0.00403 0.67150 0.40457 0.98034 4.14094
0.93909 0.51632 0.20377 0.76071 2.57754
0.30484 0.45399 0.08024 0.71974 3.02232
0.26014 0.29280 0.97944 0.65295 0.52858
0.80171 0.67097 0.76937 0.93133 2.63641
0.95721 0.66210 0.69632 0.77266 2.26342
0.92968 0.91302 0.00740 0.31619 3.68530
0.93415 0.27419 0.82748 0.24447 -0.72398
0.23200 0.50042 0.56982 0.37232 1.61095
0.43913 0.74496 0.23170 0.23876 2.81814
0.33183 0.01476 0.98608 0.23142 -1.61548
0.34473 0.40434 0.30098 0.40117 1.67993
0.21038 0.64137 0.63353 0.56006 2.50194
0.93128 0.14266 0.46095 0.20170 -0.66873
0.51952 0.55893 0.87878 0.76078 1.84211
0.79922 0.41780 0.84064 0.30237 0.09820
0.93361 0.23772 0.09129 0.36775 0.78674
0.23537 0.20567 0.47035 0.21765 0.22650
0.56845 0.44781 0.96131 0.58705 0.80406
0.79733 0.94214 0.33248 0.39450 3.47243
0.98474 0.91882 0.38486 0.48055 3.29225
0.43802 0.79099 0.60956 0.62724 3.12008
0.79296 0.61736 0.79638 0.49546 1.43951
0.54652 0.46795 0.33845 0.86751 2.69079
0.76354 0.28186 0.69282 0.72374 0.73482
0.66494 0.87286 0.31735 0.53817 3.63176
0.84549 0.69455 0.63065 0.28316 1.58227
0.42358 0.77550 0.50430 0.54688 3.09704
0.11904 0.91074 0.86198 0.65301 3.48017
0.18777 0.55980 0.01460 0.96442 4.21686
0.00802 0.89656 0.01710 0.38200 4.55032
0.66922 0.91604 0.53385 0.67653 3.69204
0.03164 0.20677 0.03622 0.03648 0.85189
0.64508 0.16459 0.44144 0.05852 -0.59142
0.13801 0.22229 0.19655 0.94304 2.44691
0.79520 0.03632 0.67754 0.02879 -1.77699
0.10013 0.03873 0.53219 0.91444 1.00711
0.82224 0.34848 0.92155 0.89966 0.90253
0.72268 0.76189 0.50651 0.28834 2.22166
0.02363 0.98075 0.31806 0.10549 3.73001
0.40857 0.66309 0.75941 0.12252 1.24817
0.12458 0.57885 0.63632 0.99168 3.22715
0.40771 0.41604 0.70231 0.25737 0.60369
0.73189 0.21940 0.05041 0.27306 0.76386
0.82665 0.51392 0.10849 0.32610 1.92338
0.21976 0.07363 0.80677 0.42578 -0.51377
0.11409 0.55303 0.89924 0.49970 1.58040
0.04716 0.05756 0.83778 0.45459 -0.42697
0.38635 0.28868 0.72625 0.03544 -0.43180
0.26969 0.19605 0.63513 0.57959 0.61200
0.07325 0.04649 0.29519 0.64234 0.93582
0.15616 0.91529 0.98852 0.42716 2.74521
0.15594 0.96232 0.74525 0.29364 3.12264
0.47381 0.50125 0.20917 0.81543 3.03051
0.60930 0.03819 0.75109 0.49186 -0.76002
0.12689 0.73473 0.39282 0.35449 2.98986
0.68809 0.68162 0.63651 0.57928 2.28543
0.52420 0.97703 0.66957 0.70042 3.86936
0.79018 0.74456 0.04955 0.97398 4.41782
0.45999 0.86720 0.84889 0.09322 1.83003
0.61798 0.80986 0.81222 0.08959 1.51123
0.73902 0.93057 0.78109 0.39747 2.62731
0.49017 0.80350 0.63121 0.83607 3.52989
0.95396 0.67325 0.64463 0.45047 1.72622
0.80386 0.13298 0.62196 0.12871 -1.05899
0.47511 0.53948 0.81640 0.19501 0.71440
0.16507 0.82910 0.19983 0.03006 3.03099
0.72049 0.23662 0.56468 0.24809 -0.18576
0.75286 0.07767 0.13704 0.31724 0.07730
0.12204 0.58582 0.67793 0.80216 2.77634
0.87404 0.82388 0.44093 0.31659 2.53431
0.99327 0.90531 0.96199 0.61892 2.42338
0.94696 0.93476 0.65770 0.61987 3.16965
0.66020 0.06679 0.96742 0.67449 -0.70774
0.54372 0.44682 0.78675 0.11428 0.14822
0.44723 0.29096 0.75383 0.09304 -0.40583
0.07111 0.00139 0.28097 0.45832 0.38325
0.19337 0.22687 0.78094 0.57777 0.52767
0.53236 0.65613 0.98119 0.32951 1.12776
0.27038 0.78316 0.86006 0.36604 2.20234
0.28075 0.49777 0.27029 0.15088 1.65591
0.55370 0.02018 0.78314 0.71250 -0.37846
0.09312 0.78492 0.22164 0.84391 4.59824
0.34322 0.77108 0.50893 0.78998 3.65764
0.84873 0.86158 0.50076 0.44962 2.88455
0.46436 0.48241 0.16136 0.14588 1.62604
0.77449 0.87744 0.05784 0.28421 3.50823
0.22180 0.68231 0.41365 0.83841 3.67516
0.92945 0.82362 0.39677 0.60566 3.18340
0.13300 0.73179 0.98842 0.76656 2.71478
0.94606 0.45442 0.38738 0.37196 1.13396
0.19475 0.85749 0.19809 0.18278 3.45263
0.43386 0.24718 0.25510 0.93390 2.15992
0.61982 0.16371 0.34330 0.42739 0.39877
0.85394 0.93986 0.47972 0.25015 2.82546
0.06824 0.11717 0.86060 0.76933 0.43172
0.91984 0.35582 0.21151 0.07921 0.45371
0.43361 0.57568 0.55727 0.35172 1.73027
0.99243 0.37033 0.94644 0.03920 -1.03349
0.97199 0.33126 0.80246 0.46194 -0.00658
0.65481 0.65849 0.50763 0.06049 1.35900
0.61722 0.74570 0.30326 0.99288 4.13231
0.44952 0.65671 0.96819 0.80530 2.24024
0.55116 0.77532 0.81266 0.66169 2.64091
0.81778 0.90051 0.58348 0.69560 3.44171
0.02753 0.43046 0.02746 0.04279 1.82801
0.61098 0.46670 0.34599 0.08674 0.95322
0.87434 0.88863 0.79403 0.53043 2.58950
0.07297 0.05290 0.91444 0.68680 -0.12131
0.94612 0.71085 0.19121 0.39237 2.63116
0.39637 0.45829 0.08947 0.49877 2.47204
0.48047 0.44409 0.07733 0.31197 1.96375
0.05391 0.77466 0.65260 0.85383 3.79020
0.47936 0.73381 0.07226 0.16483 2.88192
0.68068 0.57589 0.76252 0.99618 2.49360
0.86942 0.62650 0.16776 0.85879 3.38041
0.67629 0.72971 0.39336 0.47460 2.73871
0.84809 0.55388 0.45834 0.47912 1.73227
0.38290 0.34366 0.77014 0.84426 1.44009
0.22177 0.06424 0.23604 0.67210 1.05556
0.62202 0.51009 0.45413 0.64609 2.11043
0.74193 0.74015 0.63042 0.27959 1.85860
0.17240 0.67886 0.42364 0.30569 2.55179
0.93150 0.60452 0.54238 0.95183 2.71777
0.16865 0.67454 0.57348 0.99193 3.71163
0.00927 0.91121 0.63852 0.56213 3.81107
0.45653 0.44611 0.23416 0.61785 2.34550
0.70007 0.87629 0.07451 0.93997 4.93237
0.17023 0.26041 0.21455 0.90377 2.46127
0.95722 0.88105 0.92593 0.02077 1.14908
0.07234 0.26358 0.07687 0.49648 1.95660
0.48192 0.08275 0.76529 0.49625 -0.47765
0.24287 0.72910 0.15563 0.65211 3.94860
0.14951 0.83371 0.27389 0.27961 3.45403
0.25626 0.96713 0.84854 0.60817 3.52694
0.92312 0.54982 0.12756 0.70244 2.75391
0.57266 0.61728 0.58210 0.40156 1.84167
0.51298 0.02502 0.47767 0.15509 -0.92649
0.71983 0.02941 0.74036 0.74294 -0.33988
0.91995 0.76495 0.29860 0.38477 2.66156
0.78653 0.48554 0.67692 0.91163 2.00267
0.06503 0.93522 0.15587 0.48376 4.61520
0.14151 0.62155 0.30910 0.67661 3.34483
0.18832 0.70706 0.72259 0.53299 2.57102
0.96153 0.83272 0.56284 0.80558 3.30260
0.73199 0.03728 0.22396 0.44530 0.03249
0.47980 0.02226 0.88795 0.56390 -0.82024
0.49696 0.40999 0.94597 0.91678 1.43846
0.31439 0.46749 0.70010 0.21878 0.82486
0.80665 0.41332 0.19431 0.18207 1.04738
0.03211 0.66782 0.06302 0.59669 3.93471
0.15451 0.32659 0.00457 0.65449 2.62339
0.20282 0.01508 0.19924 0.10205 -0.27754
0.60599 0.68519 0.81422 0.41147 1.67753
0.51528 0.81369 0.30308 0.93298 4.38157
0.75565 0.05383 0.64197 0.63917 -0.30204
0.00871 0.47646 0.24480 0.27571 2.12019
0.36012 0.72977 0.24560 0.40118 3.14286
0.38486 0.78977 0.12048 0.02195 2.80527
0.38591 0.06660 0.92428 0.86362 0.01788
0.11899 0.74547 0.96163 0.24791 1.73239
0.39237 0.49635 0.60847 0.25815 1.13587
0.03574 0.80753 0.81348 0.28655 2.43152
0.88943 0.91354 0.75505 0.46761 2.62170
0.20991 0.50708 0.85879 0.44774 1.26878
0.51812 0.42337 0.89636 0.05883 -0.25465
0.83887 0.93728 0.43049 0.72044 3.92212
0.94641 0.41686 0.68444 0.64728 0.99560
0.22007 0.92294 0.19294 0.83303 5.09925
0.14664 0.01290 0.04935 0.87846 1.69999
0.33704 0.66684 0.90958 0.82615 2.53809
0.76512 0.02278 0.54301 0.17547 -1.23929
0.76838 0.20620 0.98615 0.59503 -0.42050
0.13387 0.77204 0.56783 0.43647 2.98210
0.88777 0.92570 0.62836 0.79870 3.61999
0.43297 0.75753 0.06460 0.38437 3.50442
0.72397 0.83069 0.39309 0.90880 4.04635
0.90845 0.05663 0.68314 0.39592 -1.02087
0.59548 0.43393 0.29972 0.31017 1.39226
0.08554 0.99401 0.93225 0.00050 2.33854
0.14941 0.43977 0.49318 0.37664 1.58338
0.20936 0.30258 0.60959 0.83873 1.71397
0.90144 0.90495 0.40314 0.24201 2.76496
0.50869 0.61215 0.16570 0.33240 2.52214
0.55360 0.42698 0.45047 0.25855 1.00308
0.84454 0.02407 0.28795 0.45038 -0.23345
0.34581 0.67874 0.02562 0.90466 4.43050
0.73435 0.55412 0.20358 0.55409 2.47815
0.05196 0.93440 0.14144 0.73907 5.19393
0.71654 0.22308 0.85809 0.67692 0.11437
0.77520 0.18997 0.18684 0.16039 0.10221
0.81966 0.23691 0.52790 0.16793 -0.37255
0.98935 0.00072 0.81709 0.20974 -1.97892
0.21169 0.25906 0.01507 0.80744 2.59389
0.06746 0.55679 0.03823 0.52082 3.32154
0.78188 0.71870 0.08312 0.54430 3.33815
0.88584 0.66594 0.04929 0.47937 2.95042
0.00330 0.21598 0.83659 0.45681 0.28613
0.82136 0.26986 0.46394 0.58203 0.76756
0.86046 0.24475 0.17656 0.95943 1.97734
0.56848 0.58854 0.76829 0.33832 1.23525
0.66194 0.37065 0.84204 0.34638 0.11159
0.28426 0.88604 0.17167 0.26817 3.72593
0.18932 0.97081 0.64328 0.83329 4.47122
0.69536 0.05627 0.30105 0.77320 0.69562
0.28486 0.89572 0.06115 0.62023 4.72561
0.81384 0.21774 0.70502 0.04365 -1.04978
0.24481 0.86779 0.78893 0.74486 3.52281
0.70072 0.93722 0.92223 0.79747 3.27138
0.40070 0.59631 0.73586 0.97121 2.82415
0.53958 0.40930 0.55639 0.10857 0.42020
0.85702 0.09595 0.76856 0.04924 -1.71008
0.45804 0.48378 0.67135 0.74485 1.94075
0.46881 0.55657 0.09660 0.45172 2.70852
0.01409 0.36763 0.38686 0.02002 0.84246
0.85553 0.61748 0.40791 0.55743 2.25626
0.47392 0.31998 0.96594 0.03326 -0.83813
0.36979 0.99839 0.90737 0.96002 4.19506
0.68493 0.69449 0.83869 0.63342 2.07274
0.91617 0.16853 0.92832 0.41163 -0.98963
0.38522 0.33019 0.66400 0.32969 0.48862
0.74221 0.39563 0.88623 0.16409 -0.32594
0.78278 0.93006 0.15503 0.22832 3.41867
0.49376 0.11808 0.30451 0.63733 0.83818
0.03948 0.07615 0.27180 0.43097 0.68544
0.97952 0.15428 0.86131 0.11257 -1.61417
0.77248 0.12914 0.15013 0.19458 -0.00906
0.05962 0.57497 0.53781 0.64321 2.71432
0.95027 0.96017 0.35310 0.74118 4.11178
0.82537 0.44949 0.49326 0.73419 1.78869
0.91574 0.74777 0.84409 0.00810 0.75297
0.43436 0.31882 0.54235 0.94879 1.94612
0.90009 0.32717 0.77586 0.41036 -0.01952
0.12376 0.32868 0.66525 0.26542 0.57371
0.09160 0.02052 0.22324 0.25022 0.11299
0.18386 0.45721 0.72773 0.18902 0.78072
0.71330 0.69479 0.58437 0.08719 1.37106
0.61585 0.75320 0.38308 0.18984 2.30469
0.42655 0.44976 0.67001 0.34655 0.98036
0.73130 0.52672 0.48869 0.26853 1.21504
0.33953 0.50369 0.19944 0.82615 3.20057
0.07669 0.61864 0.64260 0.84996 3.12357
0.69947 0.51080 0.67711 0.94584 2.25828
0.64357 0.56168 0.83585 0.16524 0.55901
0.38005 0.87943 0.38334 0.33301 3.34858
0.20939 0.23970 0.01959 0.34023 1.51173
0.74824 0.31647 0.34530 0.80597 1.73073
0.29440 0.49334 0.16347 0.31182 2.17099
0.17567 0.92871 0.61383 0.63854 3.94761
0.04396 0.35347 0.47605 0.12828 0.81699
0.33596 0.91003 0.67771 0.88483 4.12989
0.53376 0.92969 0.56374 0.22411 2.84963
0.28344 0.41309 0.90440 0.77516 1.41768
0.01419 0.67617 0.55744 0.85674 3.59765
0.20190 0.31973 0.40280 0.29740 1.03481
0.28027 0.92672 0.88312 0.94250 3.98095
0.35825 0.74996 0.78194 0.94112 3.35718
0.97223 0.47350 0.81614 0.19268 -0.00644
0.25641 0.13203 0.68979 0.30246 -0.33970
0.91675 0.26227 0.89871 0.11773 -1.16410
0.52055 0.40058 0.21839 0.05267 0.92484
0.54373 0.98320 0.87839 0.48754 3.02763
0.89110 0.25956 0.03765 0.65924 1.63852
0.30753 0.36479 0.49076 0.57258 1.54946
0.81569 0.04117 0.90304 0.62068 -0.94469
0.84282 0.86338 0.03638 0.13639 3.11509
0.38239 0.20248 0.53399 0.34465 0.23239
0.98973 0.71463 0.82017 0.00717 0.59169
0.21191 0.92646 0.47454 0.61345 4.11801
0.33588 0.86851 0.68191 0.94785 4.08113
0.57587 0.57683 0.74520 0.75517 2.11023
0.54648 0.57665 0.87420 0.89565 2.18861
0.22385 0.03089 0.83827 0.91013 0.27304
0.64804 0.76511 0.55347 0.23269 2.09324
0.05171 0.41471 0.50403 0.21232 1.19370
0.70069 0.98382 0.44819 0.58524 3.91873
0.60814 0.96198 0.39896 0.27547 3.34305
0.35011 0.97363 0.07186 0.18635 4.05285
0.07704 0.34976 0.32908 0.84904 2.58541
0.05163 0.75380 0.49268 0.32033 2.87376
0.48584 0.70904 0.30714 0.15099 2.29523
0.22731 0.91739 0.06611 0.09248 3.73540
0.99647 0.02921 0.98084 0.91947 -0.66695
0.76255 0.37152 0.84502 0.90250 1.20399
0.21770 0.85975 0.31161 0.29906 3.47318
0.28138 0.13485 0.39228 0.93437 1.56099
0.84626 0.09782 0.63316 0.04726 -1.43912
0.68925 0.84091 0.19645 0.08774 2.74759
0.44647 0.85862 0.84489 0.23838 2.12224
0.50495 0.86678 0.97973 0.71854 2.86988
0.16029 0.83916 0.88227 0.52755 2.83670
0.75490 0.72310 0.69363 0.34186 1.78739
0.47605 0.14251 0.76589 0.57403 -0.05634
0.92778 0.72101 0.71843 0.69344 2.32691
0.91861 0.06608 0.19114 0.79361 0.79277
0.85488 0.21723 0.83091 0.34862 -0.67899
0.27013 0.40511 0.81258 0.37347 0.71601
0.13579 0.13718 0.23238 0.14576 0.32587
0.50587 0.23043 0.78180 0.99696 1.15726
0.59019 0.17548 0.43642 0.35748 0.14847
0.82604 0.66270 0.56203 0.54253 2.14771
0.67702 0.14782 0.20547 0.28512 0.24107
0.96587 0.73260 0.35471 0.81750 3.29856
0.18185 0.96497 0.77615 0.64951 3.80921
0.02200 0.35370 0.85407 0.37670 0.64614
0.57155 0.00986 0.06367 0.78289 1.08185
0.66652 0.30455 0.26251 0.51113 1.28292
0.83758 0.63546 0.74973 0.03901 0.59418
0.64254 0.03660 0.94007 0.45703 -1.22991
0.15353 0.19935 0.45522 0.70466 1.33694
0.53163 0.21696 0.10950 0.53990 1.38536
0.53113 0.33839 0.76134 0.91703 1.45872
0.91121 0.07291 0.66437 0.77999 -0.10189
0.37217 0.73090 0.16577 0.09194 2.63111
0.23484 0.35280 0.38376 0.31074 1.20973
0.76964 0.65958 0.44515 0.92252 3.21522
0.57709 0.81371 0.79084 0.33093 2.11764
0.53021 0.93995 0.17700 0.24741 3.68183
0.80026 0.34579 0.16859 0.28902 1.04499
0.69201 0.23738 0.58559 0.83975 1.06149
0.03480 0.03766 0.99608 0.96470 0.28395
0.71744 0.22469 0.66818 0.64405 0.41197
0.31885 0.26503 0.80734 0.52524 0.41573
0.06359 0.89299 0.44369 0.81825 4.60223
0.38303 0.72099 0.32306 0.42175 2.98197
0.97427 0.38828 0.71351 0.02370 -0.53140
0.06582 0.05093 0.26954 0.19644 0.06127
0.97506 0.03763 0.87441 0.90923 -0.43176
0.21555 0.03503 0.67709 0.37295 -0.53818
0.62496 0.89833 0.44901 0.95144 4.40286
0.51027 0.58981 0.72977 0.34876 1.38748
0.42585 0.92559 0.45374 0.88806 4.54946
0.06005 0.26094 0.88249 0.07087 -0.48298
0.53707 0.23117 0.82455 0.00140 -1.06659
0.12711 0.50063 0.29861 0.94038 3.42924
0.85288 0.75147 0.97553 0.24234 1.07210
0.97156 0.02600 0.53336 0.82200 -0.01395
0.20705 0.50047 0.29626 0.61963 2.68014
0.79309 0.14004 0.57950 0.38935 -0.38440
0.48301 0.72610 0.45784 0.74282 3.34180
0.34108 0.73310 0.51672 0.36186 2.57385
0.07278 0.05292 0.35439 0.57987 0.71773
0.09717 0.60741 0.86963 0.42854 1.72941
0.10615 0.30368 0.54148 0.51652 1.25378
0.07013 0.08821 0.89893 0.96630 0.65415
0.66491 0.44612 0.21904 0.99741 2.99807
0.05005 0.86083 0.66534 0.22527 2.79512
0.43645 0.39289 0.81119 0.70590 1.22775
0.24312 0.16945 0.95737 0.37693 -0.52131
0.43032 0.82750 0.62676 0.28197 2.51343
0.88143 0.43956 0.59006 0.91473 1.89723
0.90633 0.58311 0.08390 0.40035 2.34936
0.41291 0.26549 0.50965 0.44408 0.72884
0.66109 0.26828 0.30394 0.52496 1.08545
0.06864 0.78765 0.06527 0.68963 4.60078
0.20201 0.23193 0.63861 0.29989 0.22115
0.50368 0.25296 0.79008 0.48818 0.15594
0.63524 0.64595 0.77131 0.50880 1.77518
0.31352 0.15915 0.62005 0.33688 -0.06975
0.67625 0.92659 0.20763 0.84414 4.70801
0.84596 0.38567 0.54441 0.53351 0.97734
0.97686 0.42102 0.94247 0.75076 0.71516
0.42600 0.96678 0.93171 0.07675 2.08682
0.61805 0.75683 0.49988 0.99380 3.80609
0.41556 0.12388 0.48325 0.05059 -0.65699
0.81408 0.22623 0.89270 0.35962 -0.69930
0.43380 0.19066 0.66385 0.32085 -0.16058
0.00835 0.22180 0.93446 0.38047 -0.04257
0.95157 0.29153 0.19691 0.76471 1.64105
0.33701 0.22747 0.14197 0.09210 0.58678
0.89555 0.60205 0.76828 0.05849 0.40838
0.50214 0.49214 0.93563 0.41463 0.73134
0.50117 0.48286 0.23509 0.22468 1.62273
0.83292 0.26164 0.58896 0.59238 0.50670
0.92971 0.05064 0.76839 0.34981 -1.32527
0.63207 0.86124 0.42203 0.84026 4.05517
0.00038 0.45494 0.15570 0.29392 2.24523
0.17905 0.19803 0.58606 0.57101 0.77543
0.79630 0.15015 0.03130 0.47382 0.87876
0.59259 0.52275 0.86305 0.90386 1.95959
0.65834 0.97755 0.79085 0.57407 3.25351
0.72334 0.77028 0.83692 0.69174 2.48558
0.22232 0.82664 0.82771 0.54558 2.87148
0.04007 0.44352 0.36234 0.28060 1.74037
0.39706 0.29180 0.83071 0.96392 1.34836
0.42010 0.46239 0.28069 0.17683 1.41938
0.79483 0.96886 0.13704 0.73402 4.68161
0.05184 0.42511 0.06894 0.93551 3.60434
0.13681 0.72882 0.55255 0.08012 2.06837
0.94385 0.69627 0.98673 0.26077 0.77722
0.77522 0.02505 0.11782 0.88856 1.08794
0.33927 0.86104 0.28201 0.90976 4.72701
0.94182 0.39216 0.69800 0.15348 -0.18080
0.41255 0.50702 0.34580 0.65626 2.51011
0.02164 0.00862 0.67392 0.53461 -0.12847
0.96173 0.43482 0.51717 0.28682 0.60936
0.68333 0.48806 0.83962 0.53186 0.98660
0.26650 0.13806 0.47712 0.23790 -0.05561
0.36789 0.57021 0.51762 0.06655 1.23396
0.63336 0.06577 0.35792 0.44000 -0.02684
0.62322 0.29554 0.20163 0.05452 0.42760
0.24218 0.92378 0.06725 0.29317 4.17402
0.28761 0.09841 0.77836 0.93305 0.66413
0.79155 0.76020 0.44670 0.70246 3.14872
0.23766 0.89351 0.80307 0.04672 2.12524
0.96465 0.35739 0.98481 0.70681 0.28372
0.30312 0.40534 0.84462 0.74295 1.41298
0.19856 0.01969 0.98191 0.62974 -0.62182
0.95391 0.96243 0.77326 0.82485 3.49620
0.41871 0.15555 0.29193 0.16460 0.08046
0.47357 0.03218 0.30318 0.84436 0.93706
0.91401 0.21348 0.54511 0.23850 -0.43706
0.71233 0.77390 0.61261 0.14714 1.77897
0.37683 0.59428 0.90324 0.38941 1.28020
0.03987 0.73131 0.61114 0.69021 3.35075
0.24600 0.33152 0.24659 0.20510 1.14663
0.30620 0.95196 0.86567 0.29874 2.72808
0.22112 0.50145 0.39531 0.88758 3.05334
0.82796 0.19208 0.60528 0.19999 -0.64784
0.18877 0.94992 0.90480 0.91161 4.05240
0.31473 0.76411 0.98985 0.24874 1.58629
0.09293 0.44497 0.39782 0.91117 2.97383
0.23513 0.62865 0.40243 0.48241 2.70131
0.09581 0.62749 0.54143 0.51656 2.62730
0.16926 0.78434 0.87183 0.22762 1.97959
0.31421 0.61974 0.76931 0.28996 1.48613
0.70028 0.95038 0.78919 0.51029 2.96951
0.89407 0.32883 0.72316 0.76157 0.84031
0.59468 0.11006 0.86842 0.08726 -1.52849
0.38581 0.39401 0.89317 0.35026 0.36443
0.73375 0.93736 0.40927 0.50256 3.59205
0.01898 0.97060 0.05435 0.30759 4.62336
0.38520 0.38088 0.04755 0.89349 3.07531
0.92426 0.54747 0.40165 0.06363 0.86209
0.08189 0.34855 0.52103 0.01438 0.43485
0.59946 0.34464 0.70143 0.20336 0.02049
0.18094 0.85545 0.62643 0.97586 4.32794
0.82522 0.95811 0.23153 0.14375 3.17382
0.53431 0.43522 0.01631 0.35703 2.09093
0.17193 0.31838 0.07276 0.09229 1.24755
0.95127 0.04850 0.13998 0.58400 0.34138
0.40374 0.94328 0.15567 0.09367 3.52095
0.25514 0.96701 0.82159 0.88503 4.16777
0.01351 0.98663 0.65072 0.77698 4.55891
0.96401 0.44595 0.81960 0.94103 1.47026
0.85573 0.79843 0.46615 0.55036 2.89254
0.17481 0.38357 0.97302 0.32176 0.29387
0.18664 0.59570 0.96385 0.48627 1.54459
0.80356 0.42020 0.22954 0.32084 1.30722
0.04257 0.31305 0.51219 0.94909 2.32539
0.00689 0.17912 0.16276 0.38968 1.26771
0.68437 0.70730 0.59993 0.28227 1.83466
0.28578 0.53801 0.38613 0.68239 2.73126
0.92840 0.14962 0.69099 0.43514 -0.57819
0.19742 0.13761 0.41006 0.68136 1.07453
0.99439 0.33378 0.12303 0.25350 0.83435
0.44242 0.60708 0.77943 0.39708 1.52833
0.86163 0.94640 0.78749 0.13316 2.01137
0.64636 0.10861 0.46277 0.68596 0.46584
0.06018 0.05252 0.46756 0.79072 0.96029
0.60459 0.29499 0.31413 0.66006 1.51582
0.00280 0.10981 0.65710 0.63486 0.55980
0.30456 0.17561 0.11691 0.98779 2.35017
0.88309 0.97044 0.32570 0.40713 3.55577
0.47390 0.40743 0.65447 0.16587 0.40542
0.54854 0.33465 0.02774 0.72601 2.41793
0.50013 0.10679 0.84477 0.97651 0.47801
0.13207 0.67128 0.26577 0.28487 2.81174
0.47312 0.73034 0.29894 0.73106 3.64589
0.07445 0.16717 0.34808 0.57052 1.18970
0.41654 0.16253 0.18935 0.31512 0.62732
0.92496 0.79609 0.61523 0.48273 2.39391
0.70486 0.90572 0.63778 0.46758 2.97475
0.59232 0.67406 0.62533 0.88685 3.01371
0.80482 0.62898 0.23017 0.76046 3.11980
0.91958 0.20076 0.23100 0.92549 1.56401
0.30119 0.38277 0.11622 0.62852 2.46288
0.53560 0.13010 0.54294 0.57341 0.26201
0.87005 0.99219 0.76361 0.13738 2.25132
0.19428 0.72466 0.34566 0.85884 4.05078
0.85752 0.67458 0.43012 0.97957 3.35092
0.08469 0.44714 0.17452 0.70751 2.98210
0.69040 0.80967 0.64693 0.45734 2.54362
0.54680 0.83245 0.13799 0.75711 4.37297
0.47459 0.89651 0.36488 0.69243 4.13694
0.05418 0.67797 0.74460 0.36565 2.16882
0.03423 0.73101 0.73885 0.31165 2.30595
0.26558 0.33939 0.74083 0.49952 0.84793
0.07080 0.91599 0.99551 0.89724 3.81019
0.10171 0.08446 0.66658 0.86674 0.84103
0.27583 0.41313 0.87625 0.48314 0.85689
