47.6 30.44 0
47.6 30.44 -33
47.76 30 0
47.92 29.49 0
47.88 28.23 0
47.6 27.48 0
47.64 26.93 0
47.37 26.46 0
46.97 26.14 0
46.46 26.26 0
46.03 26.74 0
45.75 27.29 0
45.91 26.74 0
46.34 26.3 0
46.5 26.14 33
45.99 26.3 0
45.99 26.3 -33
46.07 25.79 0
46.03 25.12 0
46.07 24.45 0
46.03 22.25 0
46.03 21.7 0
45.91 21.14 0
45.79 20.55 0
45.6 20.04 0
45.44 19.37 0
45.24 18.82 0
45.01 18.27 0
45.01 18.23 33
44.38 18.51 0
44.38 18.51 -33
44.3 18.35 0
43.86 17.88 0
43.86 17.84 33
42.45 15.2 0
42.45 15.2 -33
42.45 15.16 0
42.09 14.69 0
41.78 14.29 0
41.5 13.86 0
41.5 13.82 33
40.6 13.66 0
40.6 13.66 -33
40.6 13.62 0
40.24 13.23 0
39.81 12.68 0
39.45 12.17 0
39.1 11.73 0
38.9 11.22 0
38.63 10.79 0
38.19 10.4 0
37.92 9.92 0
37.92 9.88 33
35.08 10.63 0
35.08 10.63 -33
34.85 10.28 0
34.41 9.8 0
33.74 9.1 0
33.27 8.54 0
32.8 8.19 0
32.33 7.8 0
32.33 7.76 33
23.51 10.95 0
23.51 10.95 -33
23.51 10.99 0
23.27 11.54 0
23 12.01 0
22.8 12.52 0
22.6 13.07 0
22.44 13.58 0
22.13 14.02 0
21.85 14.57 0
21.66 15.04 0
21.46 15.55 0
21.26 16.03 0
21.1 16.58 0
20.91 17.05 0
20.79 17.6 0
20.63 18.11 0
20.48 18.82 0
20.28 19.29 0
20.2 19.81 0
20.12 20.44 0
20 20.87 33
18.98 20.51 0
18.98 20.51 -33
18.98 20.55 0
18.9 21.42 0
18.74 21.62 33
18.23 21.03 0
18.23 21.03 -33
18.23 21.07 0
17.96 21.66 0
17.76 22.13 0
17.64 22.64 0
17.44 23.27 0
17.32 23.55 33
17.09 24.22 0
17.09 24.22 -33
17.09 24.26 0
17.01 24.77 0
16.81 25.24 0
16.7 25.71 33
16.03 24.77 0
16.03 24.77 -33
15.99 24.81 0
16.18 25.28 0
16.38 25.95 0
16.38 26.22 33
21.7 28.47 0
21.7 28.47 -33
21.66 28.51 0
23.31 28.51 0
23.98 28.55 0
24.02 28.59 33
23.98 29.49 0
23.98 29.49 -33
23.98 29.49 0
25.08 29.49 0
25.12 29.53 0
25.79 29.69 0
26.22 29.96 0
26.66 30.24 0
26.22 30.48 0
26.03 30.99 0
25.59 31.34 0
24.49 31.26 0
24.14 30.71 0
24.22 30.16 0
24.02 29.61 0
23.51 29.81 0
23.07 30.12 0
22.64 30.56 0
22.33 30.16 0
22.84 29.89 0
23.43 29.65 0
23.94 29.53 0
23.98 29.49 33
23.15 29.81 0
23.15 29.81 -33
23.15 29.81 0
23.23 29.81 0
22.6 30.12 0
23.07 29.89 0
23.15 29.81 33
17.76 29.41 0
17.76 29.41 -33
17.76 29.37 0
17.64 28.86 0
17.6 28.9 33
17.56 28.86 0
17.56 28.86 -33
17.48 28.94 0
17.52 29.45 0
17.68 29.57 33
16.81 30.28 0
16.81 30.28 -33
16.81 30.32 0
16.7 30.87 0
16.73 31.18 33
16.5 32.17 0
16.5 32.17 -33
16.5 32.21 0
16.85 32.64 0
17.01 33.15 0
17.17 33.86 0
17.05 34.18 33
17.09 34.1 0
17.09 34.1 -33
17.17 33.86 0
17.09 33.19 0
16.85 32.64 0
16.54 32.21 0
16.42 32.21 33
14.8 29.18 0
14.8 29.18 -33
15 28.82 0
14.92 28.07 0
14.77 27.09 0
14.77 27.01 33
22.44 26.7 0
22.44 26.7 -33
22.44 26.7 0
22.96 26.7 0
23.27 26.89 0
23.86 27.05 0
24.37 27.25 0
24.85 27.52 0
25.36 27.72 0
25.95 27.92 0
26.58 28.11 0
27.29 28.31 0
27.88 28.59 0
28 29.1 0
27.37 29.02 0
26.74 28.9 0
26.22 28.82 0
25.59 28.7 0
24.88 28.59 0
24.06 28.47 0
23.35 28.39 0
21.42 28.43 0
21.03 28.07 0
21.22 27.09 0
21.93 26.89 0
22.44 26.74 0
22.44 26.7 33
22.48 26.74 0
22.48 26.74 -33
22.48 26.74 0
22.92 26.74 0
23.27 26.93 0
23.82 27.05 0
24.33 27.25 0
24.85 27.56 0
25.36 27.76 0
25.95 27.96 0
26.58 28.15 0
27.21 28.27 0
27.72 28.59 0
28 29.06 0
27.37 28.98 0
26.74 28.86 0
26.22 28.78 0
25.59 28.66 0
24.88 28.55 0
24.06 28.43 0
23.35 28.35 0
21.46 28.43 0
21.07 28.04 0
21.26 27.13 0
21.89 27.01 0
22.4 26.81 0
22.48 26.74 33
22.25 26.77 0
22.25 26.77 -33
23.23 26.77 0
21.22 27.09 0
24.06 27.09 0
21.03 27.41 0
24.81 27.41 0
21.03 27.72 0
25.59 27.72 0
21.03 28.04 0
26.54 28.04 0
21.34 28.35 0
27.48 28.35 0
24.92 28.66 0
28 28.66 0
26.77 28.98 0
28.39 28.98 0
28.39 28.98 33
34.85 30.59 0
34.85 30.59 -33
35 30.44 0
35.56 30.24 0
35.6 30.2 33
35.83 30.24 0
35.83 30.24 -33
35.83 30.24 0
36.62 30.24 0
37.05 30.75 0
37.17 31.3 0
36.89 31.89 0
35.2 31.5 0
35.2 30.59 0
35.67 30.4 0
35.83 30.24 33
35.83 30.16 0
35.83 30.16 -33
35.83 30.16 0
36.62 30.16 0
36.97 30.4 0
37.25 30.87 0
37.13 31.42 0
36.89 31.97 0
35.12 31.5 0
34.69 30.83 0
35.2 30.52 0
35.67 30.32 0
35.83 30.16 33
38 28.94 0
38 28.94 -33
38 29.02 0
39.14 28.98 0
39.18 29.02 33
39.81 28.98 0
39.81 28.98 -33
39.81 28.98 0
39.26 28.98 0
41.15 28.66 0
33.08 28.66 0
41.15 28.35 0
33.27 28.35 0
40.83 28.04 0
33.67 28.04 0
40.32 27.72 0
35.12 27.72 0
40.32 27.41 0
37.92 27.41 0
39.61 27.09 0
38.82 27.09 33
33.78 16.14 0
33.78 16.14 -33
33.86 15.67 0
33.9 15.16 0
33.78 14.61 0
33.47 14.14 0
33.15 13.74 0
33.15 13.7 33
33.9 13.58 0
33.9 13.58 -33
33.82 13.39 0
33.39 12.92 0
33.39 12.88 33
31.74 10.59 0
31.74 10.59 -33
31.54 10.47 0
31.03 10.32 0
30.44 10.16 0
29.85 10.12 0
29.33 10.12 0
29.33 10.04 33
28.9 11.3 0
28.9 11.3 -33
28.82 11.38 0
28.31 11.34 0
28.9 11.38 0
29.61 11.34 0
30.48 11.38 0
31.11 11.5 0
31.54 11.73 33
31.22 14.21 0
31.22 14.21 -33
31.22 14.25 0
31.66 14.73 0
32.05 15.28 0
32.25 15.63 33
35.48 30.63 0
35.48 30.63 -33
35.48 30.63 0
35.6 30.63 0
35.6 30.67 0
36.15 31.22 0
36.93 30.91 0
36.82 31.66 0
35.44 31.5 0
35.4 30.71 0
35.48 30.63 33
34.49 33.08 0
34.49 33.08 -33
34.49 33.11 0
34.93 33.39 0
35.4 33.59 0
35.95 33.67 0
36.66 33.7 0
36.7 33.74 33
43.43 41.23 0
43.43 41.23 -33
43.43 41.26 0
43.82 41.62 0
44.3 41.78 0
45.04 41.7 0
45.6 41.86 0
46.11 42.05 0
46.62 42.17 0
47.17 42.41 0
47.68 42.76 0
48.08 43.08 0
48.63 43.55 0
49.1 43.78 0
49.61 44.06 0
50.2 44.3 0
50.64 44.57 0
51.19 44.85 0
51.62 45.12 0
52.17 45.52 0
52.64 45.83 0
53 46.19 0
53.75 46.74 0
54.22 47.09 0
54.73 47.37 0
55.24 47.64 0
55.72 47.92 0
56.19 48.12 0
56.62 48.39 0
56.7 48.43 33
46.86 51.07 0
46.86 51.07 -33
46.86 51.11 0
46.54 51.86 0
46.03 52.09 0
45.64 52.45 0
45.52 52.53 33
45.52 57.76 0
45.52 57.76 -33
45.64 57.45 0
45.91 56.98 0
46.11 56.5 0
46.34 56.03 0
46.58 55.4 0
46.74 54.73 0
46.86 54.22 0
47.01 53.71 0
47.13 53.08 0
47.25 52.57 0
47.37 52.05 0
47.53 51.54 0
47.56 51.03 0
47.64 50.52 0
47.45 50.05 0
47.41 49.53 0
47.25 49.02 0
47.13 48.51 0
46.97 47.84 0
46.86 47.01 0
46.7 46.5 0
45.83 45.71 0
45.28 45.24 0
44.73 44.65 0
44.38 44.22 0
44.06 43.82 0
43.78 43.39 0
43.39 42.8 0
43.08 42.37 0
42.88 41.74 0
42.88 41.7 33
33.39 37.8 0
33.39 37.8 -33
33.39 38.08 0
33.59 38.55 0
33.59 39.26 0
33.35 39.77 0
32.92 40.12 0
32.37 40.08 0
32.33 40.08 33
33 40.24 0
33 40.24 -33
33.11 40.08 0
33.51 39.73 0
33.51 39.69 33
34.49 44.06 0
34.49 44.06 -33
34.49 44.1 0
33.78 44.22 0
34.34 44.34 0
35 44.22 0
35.44 44.45 33
39.85 45.87 0
39.85 45.87 -33
39.97 46.03 0
39.49 46.5 0
39.02 46.86 0
38.55 47.29 0
38.23 47.76 0
37.76 48.27 0
37.29 48.47 0
36.89 48.82 0
36.62 49.3 0
36.19 49.61 0
35.6 50.01 0
35.28 50.44 0
34.89 50.79 0
34.53 51.15 0
33.98 51.46 0
33.51 51.82 0
33.11 52.13 0
32.76 52.49 0
32.21 52.57 0
31.7 52.76 0
31.03 52.92 0
28.82 52.88 0
28.31 52.76 0
27.8 52.68 0
27.29 52.53 0
26.78 52.41 0
26.26 52.29 0
25.99 51.86 0
25.44 51.62 0
24.96 51.15 0
24.77 50.68 0
24.41 50.28 0
24.02 49.89 0
23.7 49.49 0
23.31 48.98 0
23 48.55 0
22.48 48.16 0
22.33 47.68 0
21.89 47.21 0
21.38 46.94 0
21.3 47.45 0
21.42 46.78 0
20.75 46.74 0
21.1 46.38 0
20.71 45.99 0
20.63 45.48 0
20.32 44.97 0
19.88 44.57 0
19.77 44.06 0
19.1 43.9 0
19.45 43.47 0
19.25 43 0
18.82 42.6 0
18.31 42.72 0
18.82 42.56 0
18.9 42.05 0
18.74 41.5 0
18.62 40.99 0
18.47 40.48 0
18.35 39.69 0
18.31 38.74 0
18.23 38.23 0
18.11 37.64 0
17.8 36.82 0
17.4 37.13 0
16.89 37.21 0
16.38 37.17 0
15.91 36.74 0
15.47 36.07 0
15.24 35.6 0
15.12 34.77 0
15.08 33.67 0
15.04 32.72 0
14.96 32.17 0
15 31.66 0
14.88 31.11 0
14.8 30.4 0
14.77 29.89 0
14.8 29.3 0
14.45 28.86 0
14.41 28.11 0
14.57 27.01 0
14.45 26.11 0
14.57 25.52 0
14.8 25.04 0
15.32 24.69 0
15.91 24.77 0
16.1 24.29 0
15.99 23.78 0
15.87 23.27 0
15.83 22.56 0
15.79 21.93 0
15.71 21.42 0
15.75 20.55 0
15.75 20.2 33
15.28 17.52 0
15.28 17.52 -33
15.47 17.17 0
15.67 16.66 0
15.99 16.14 0
16.3 15.71 0
16.3 15.67 33
17.32 16.58 0
17.32 16.58 -33
17.32 16.7 0
17.01 17.13 0
17.01 17.17 33
19.92 17.64 0
19.92 17.64 -33
19.88 17.68 0
19.69 18.15 0
19.41 18.78 0
19.29 19.88 0
19.37 20.44 0
19.41 21.1 0
19.25 21.89 0
19.14 22.64 0
19.06 23.23 0
18.9 23.86 0
18.74 24.45 0
18.58 24.96 0
18.43 25.44 0
18.31 25.95 0
18.03 26.38 0
18.15 26.97 0
18.03 27.88 0
17.96 28.43 0
17.56 28.86 0
17.48 29.37 0
17.6 30.32 0
17.13 30.08 0
17.05 29.45 0
17.05 30.08 0
17.29 30.52 0
17.52 30.99 0
17.48 32.13 0
17.4 32.6 33
16.93 31.42 0
16.93 31.42 -33
16.77 31.58 0
16.58 32.05 0
16.5 32.13 33
16.42 32.17 0
16.42 32.17 -33
16.38 32.21 0
16.03 32.6 0
16.18 33.11 0
16.42 33.55 0
16.97 34.26 0
17.05 34.26 33
15.08 45.28 0
15.08 45.28 -33
14.88 45.48 0
14.41 45.68 0
13.82 45.6 0
12.09 45.64 0
11.42 45.71 0
10.91 45.79 0
10.04 45.83 0
9.29 45.95 0
8.47 46.07 0
7.8 46.15 0
7.13 46.27 0
6.62 46.34 0
5.75 46.42 0
5.16 46.66 33
19.18 57.09 0
19.18 57.09 -33
19.29 56.7 0
19.37 56.19 0
19.49 55.64 0
19.49 55.6 33
19.92 55.16 0
19.92 55.16 -33
19.77 55.12 0
20 54.5 0
20 54.26 33
19.06 54.53 0
19.06 54.53 -33
19.18 54.06 0
19.37 53.55 0
19.53 53 0
19.69 52.45 0
19.84 51.82 0
20 51.31 0
20 51.27 33
18.58 44.18 0
18.58 44.18 -33
18.55 44.22 0
18.07 44.45 0
17.84 44.53 33
17.64 44.49 0
17.64 44.49 -33
17.64 44.53 0
17.21 45.04 0
17.17 45.04 33
16.62 45.99 0
16.62 45.99 -33
16.3 45.91 0
16.89 44.69 0
16.81 44.18 0
16.5 43.59 0
15.99 43.63 0
16.58 43.47 0
17.09 43.31 0
17.56 43.08 0
18.03 42.88 0
18.03 42.84 33
23.98 29.57 0
23.98 29.57 -33
23.98 29.57 0
23.9 29.65 0
23.27 29.85 0
22.96 30.48 0
22.4 30.36 0
22.84 29.96 0
23.43 29.73 0
23.94 29.61 0
23.98 29.57 33
24.1 29.57 0
24.1 29.57 -33
24.1 29.57 0
25.08 29.57 0
25.36 29.65 0
25.91 29.81 0
26.14 30.28 0
26.03 30.91 0
25.59 31.26 0
24.49 31.18 0
24.22 30.71 0
24.29 29.77 0
24.1 29.57 33
25.32 29.37 0
25.32 29.37 -33
25.24 29.45 0
23.98 29.41 0
23.47 29.49 0
22.92 29.61 0
22.48 29.85 0
22.01 30.16 0
21.54 30.4 0
22.05 30.16 0
22.25 30.63 0
22.68 30.95 0
22.52 30.4 0
22.4 29.89 0
22.92 29.65 0
23.47 29.53 0
23.98 29.57 0
25.04 29.45 0
25.59 29.61 0
26.11 29.81 0
26.62 30.12 0
27.09 30.59 0
27.33 31.03 0
26.93 31.42 0
25.87 31.5 0
25.63 31.5 33
27.21 36.97 0
27.21 36.97 -33
27.21 37.09 0
27.01 37.6 0
26.89 38.74 0
26.93 39.3 0
27.21 39.81 0
27.52 40.24 0
27.72 39.73 0
28.23 39.53 0
28.82 39.61 0
29.14 40.01 0
29.65 40.32 0
30.44 40.36 0
30.95 40.2 0
31.42 40.01 0
31.97 39.73 0
32.37 39.85 33
31.93 43.82 0
31.93 43.82 -33
31.5 43.67 0
30.48 43.75 0
29.57 43.71 0
29.02 43.59 0
28.47 43.51 0
27.92 43.51 0
27.92 43.47 33
27.92 43.47 0
27.92 43.47 -33
27.92 43.51 0
28.55 43.51 0
29.3 43.63 0
30.48 43.75 0
31.5 43.67 0
31.93 43.82 33
25.32 55.83 0
25.32 55.83 -33
25.28 55.79 0
24.77 55.28 0
24.49 55.01 33
20 56.11 0
20 56.11 -33
20 56.15 0
19.88 56.7 0
19.84 57.29 0
19.57 57.8 0
19.57 57.84 33
20.4 57.84 0
20.4 57.84 -33
20.44 57.76 0
20.48 55.24 0
20.51 54.3 0
20.59 53.47 0
20.63 51.82 0
20.67 49.26 0
20.2 48.98 0
19.92 49.42 0
19.73 49.93 0
19.45 50.36 0
19.69 49.81 0
19.92 49.3 0
20.24 48.79 0
20.55 48.23 0
20.59 47.72 0
20.36 47.21 0
19.77 47.25 0
20.48 47.13 0
20.51 47.09 33
24.61 43.55 0
24.61 43.55 -33
24.61 43.59 0
25.12 43.75 0
26.14 43.63 0
26.18 43.67 33
26.81 43.67 0
26.81 43.67 -33
26.81 43.75 0
26.3 43.86 0
25.08 43.75 0
25.83 43.75 0
26.34 43.86 0
27.6 43.9 0
28.39 43.94 0
28.98 44.06 0
29.49 44.26 0
32.6 44.26 0
33.11 44.26 0
33.67 44.34 0
34.18 44.38 0
34.53 44.45 33
40.12 46.03 0
40.12 46.03 -33
39.97 45.71 0
40.4 45.44 0
40.79 44.93 0
40.99 44.45 0
41.42 44.1 0
41.58 43.59 0
41.82 43 0
42.05 42.49 0
42.17 41.82 0
42.41 41.38 0
42.49 40.87 0
42.56 40.36 0
42.64 39.69 0
42.84 39.18 0
42.96 38.59 0
43.23 38.04 0
43.31 37.52 0
43.35 37.01 0
43.59 36.46 0
43.63 35.91 0
43.82 35.44 0
43.67 35.95 0
43.63 36.5 0
43.39 37.05 0
43.31 37.72 0
43.59 38.15 0
44.06 38.43 0
45.01 38.39 0
45.48 38.08 0
45.83 37.68 0
46.11 37.17 0
46.3 36.7 0
46.46 36.11 0
46.54 35.6 0
46.74 35.12 0
46.86 34.37 0
46.97 33.86 0
46.9 33.31 0
46.42 33.98 0
45.91 34.61 0
45.48 35.04 0
45.12 35.44 0
45.68 34.73 0
46.11 34.18 0
46.54 33.59 0
46.97 33.23 0
47.13 32.64 0
47.25 31.97 0
47.29 31.38 0
47.37 30.83 0
47.21 30.32 0
46.86 29.89 0
46.78 29.37 0
46.58 28.9 0
46.34 28.43 0
45.99 27.92 0
46.34 27.52 0
46.86 27.13 0
46.9 27.09 33
44.81 25.71 0
44.81 25.71 -33
44.73 25.36 0
44.57 24.85 0
44.45 24.29 0
44.38 23.7 0
44.26 23.07 0
44.1 22.56 0
44.1 22.48 33
44.06 24.1 0
44.06 24.1 -33
44.06 24.14 0
44.22 24.73 0
44.18 24.81 33
44.3 33.15 0
44.3 33.15 -33
44.3 33.39 0
44.42 34.06 0
44.49 34.57 0
44.26 35.04 0
44.18 35.28 33
43.59 41.11 0
43.59 41.11 -33
43.78 41.11 0
44.26 41.3 0
44.77 41.38 0
45.28 41.46 0
45.79 41.54 0
46.11 41.7 33
47.88 43.35 0
47.88 43.35 -33
47.88 43.75 0
47.68 44.26 0
47.49 44.77 0
47.29 45.28 0
47.09 45.79 0
46.9 46.27 0
46.78 46.42 33
47.8 48.71 0
47.8 48.71 -33
47.8 48.75 0
47.96 49.26 0
47.96 50.05 0
47.8 50.28 33
37.29 57.8 0
37.29 57.8 -33
37.56 57.61 0
37.72 56.94 0
37.88 56.46 0
38.08 55.87 0
38.27 55.28 0
38.43 54.77 0
38.63 54.22 0
38.82 53.71 0
39.1 53.2 0
39.3 52.68 0
39.53 52.13 0
39.65 51.62 0
39.89 51.15 0
40.08 50.68 0
40.28 50.12 0
40.44 49.61 0
40.64 49.1 0
40.79 48.55 0
40.95 48.04 0
41.11 47.56 0
41.3 47.01 0
41.5 46.54 0
41.58 45.83 0
41.66 45.01 0
41.74 44.93 33
40.16 46.19 0
40.16 46.19 -33
40.16 46.38 0
39.97 46.9 0
39.85 47.05 33
40.32 46.62 0
40.32 46.62 -33
40.12 46.82 0
39.93 47.29 0
39.69 47.84 0
39.49 48.35 0
39.26 48.82 0
39.06 49.3 0
38.67 49.81 0
38.31 50.32 0
37.88 50.87 0
36.54 52.29 0
35.99 52.8 0
35.48 53.2 0
35.04 53.51 0
34.65 53.86 0
34.22 54.14 0
33.82 54.46 0
33.31 54.81 0
32.72 55.2 0
32.25 55.48 0
31.82 55.79 0
31.34 56.11 0
30.83 56.42 0
30.28 56.82 0
29.77 57.13 0
29.33 57.37 0
28.82 57.64 0
28.07 57.8 0
27.56 57.64 0
26.66 56.86 0
25.99 56.31 0
24.53 54.93 0
23.98 54.42 0
23.51 53.86 0
23 53.24 0
22.64 52.72 0
22.33 52.25 0
22.13 51.66 0
21.97 51.15 0
21.85 50.32 0
21.74 49.81 0
21.62 49.3 0
21.54 48.79 0
21.42 48.27 0
21.26 47.72 0
20.91 47.29 0
20.87 47.92 33
15.4 45.28 0
15.4 45.28 -33
15 45.01 0
14.45 44.53 0
14.45 44.49 33
12.88 44.81 0
12.88 44.81 -33
12.92 44.81 0
13.43 44.65 0
13.86 44.38 0
14.37 44.45 0
14.65 43.98 0
15.08 43.71 0
15.08 43.67 33
14.8 43.51 0
14.8 43.51 -33
15.12 43.35 0
15.67 43.31 0
16.18 43.23 0
16.22 43.19 33
17.84 36.58 0
17.84 36.58 -33
17.68 36.11 0
17.6 35.56 0
17.44 35 0
17.21 34.45 0
16.66 33.98 0
16.42 33.51 0
16.14 33.04 0
15.83 32.64 0
15.51 32.21 0
16.03 32.6 0
16.3 32.17 0
16.07 31.7 0
15.83 31.22 0
15.59 30.71 0
15.67 29.41 0
15.75 28.9 0
15.75 28.86 33
24.26 29.65 0
24.26 29.65 -33
24.26 29.65 0
25.08 29.65 0
24.81 30.04 0
25.32 30.36 0
25.79 29.85 0
26.22 30.12 0
25.95 30.59 0
25.59 31.18 0
24.69 31.11 0
24.29 30.71 0
24.37 29.77 0
24.26 29.65 33
24.41 29.73 0
24.41 29.73 -33
24.41 29.73 0
24.96 29.73 0
24.73 30.04 0
25.32 30.44 0
25.63 29.89 0
26.14 30.12 0
25.87 30.59 0
25.59 31.11 0
24.77 31.11 0
24.37 30.71 0
24.45 29.77 0
24.41 29.73 33
24.53 29.81 0
24.53 29.81 -33
24.53 29.81 0
24.81 29.81 0
24.65 30.04 0
25.32 30.52 0
25.91 30.48 0
25.59 31.03 0
24.45 30.71 0
24.53 30.16 0
24.53 29.81 33
24.61 30.08 0
24.61 30.08 -33
24.61 30.08 0
25.12 30.59 0
25.32 30.59 0
25.83 30.48 0
25.59 30.95 0
24.53 30.71 0
24.61 30.16 0
24.61 30.08 33
24.65 30.2 0
24.65 30.2 -33
24.65 30.2 0
25.12 30.67 0
25.32 30.67 0
25.75 30.28 0
25.59 30.87 0
24.77 30.87 0
24.61 30.24 0
24.65 30.2 33
25.12 29.73 0
25.12 29.73 -33
25.12 29.73 0
24.88 29.96 0
24.88 30.04 0
25.32 30.28 0
25.32 29.73 0
25.12 29.73 33
35.48 30.71 0
35.48 30.71 -33
35.48 30.71 0
35.56 30.71 0
36.15 31.3 0
36.85 31.07 0
36.74 31.58 0
35.52 31.5 0
35.4 30.79 0
35.48 30.71 33
35.48 30.79 0
35.48 30.79 -33
35.48 30.79 0
35.56 30.79 0
36.15 31.38 0
36.66 31.5 0
35.6 31.5 0
35.44 30.83 0
35.48 30.79 33
29.45 32.41 0
29.45 32.41 -33
29.49 32.33 0
29.45 31.82 0
29.37 31.22 0
29.37 30.71 33
27.68 31.11 0
27.68 31.11 -33
27.68 31.34 0
27.8 31.85 0
27.96 31.89 33
27.96 31.89 0
27.96 31.89 -33
27.72 31.78 0
27.44 31.34 0
27.44 31.3 33
26.78 32.44 0
26.78 32.44 -33
26.78 32.48 0
26.3 32.68 0
25.71 32.76 0
25.04 32.88 0
24.29 33 0
23.74 32.88 0
23.27 32.76 33
26.26 44.1 0
26.26 44.1 -33
26.26 44.14 0
26.62 44.49 0
26.89 44.77 33
27.52 45.71 0
27.52 45.71 -33
27.52 45.75 0
28.07 46.03 0
29.02 46.11 0
31.66 46.23 0
31.85 46.19 33
30.71 45.83 0
30.71 45.83 -33
31.22 45.75 0
31.78 45.64 0
32.25 45.4 0
32.76 45.24 0
33.23 45.04 0
33.74 44.77 0
33.86 44.65 33
35.83 30.4 0
35.83 30.4 -33
35.83 30.4 0
35.87 30.4 0
35.67 30.67 0
36.15 31.15 0
37.01 30.87 0
36.85 31.74 0
35.36 31.5 0
35.2 30.75 0
35.67 30.56 0
35.83 30.4 33
35.83 30.32 0
35.83 30.32 -33
35.83 30.32 0
36.03 30.32 0
35.75 30.67 0
36.15 31.07 0
36.97 30.75 0
37.09 31.3 0
36.85 31.82 0
35.28 31.5 0
35.2 30.67 0
35.67 30.48 0
35.83 30.32 33
37.17 29.96 0
37.17 29.96 -33
37.13 30 0
37.76 30.08 0
38.31 30.24 0
38.82 30.59 0
39.22 30.91 0
39.45 31.38 0
38.86 31.58 0
38.63 31.89 33
38.23 30.91 0
38.23 30.91 -33
38.23 30.91 0
38.31 30.99 0
38.51 31.46 0
38.31 30.99 0
38.23 30.91 33
37.52 30.52 0
37.52 30.52 -33
37.52 30.52 0
37.72 30.52 0
38.08 30.71 0
38.43 31.22 0
38.04 30.83 0
37.56 30.56 0
37.52 30.52 33
36.07 30.44 0
36.07 30.44 -33
36.07 30.44 0
35.91 30.59 0
36.15 30.91 0
36.62 30.44 0
36.07 30.44 33
36.07 30.36 0
36.07 30.36 -33
36.07 30.36 0
35.83 30.59 0
35.83 30.67 0
36.62 30.99 0
36.62 30.36 0
36.07 30.36 33
39.06 27.01 0
39.06 27.01 -33
39.06 27.01 0
39.26 27.01 0
39.65 27.25 0
40.2 27.37 0
40.4 27.88 0
40.91 28.15 0
40.99 28.66 0
40.52 28.86 0
39.77 28.98 0
39.18 28.86 0
37.25 28.78 0
34.65 28.78 0
33.35 28.35 0
33.94 28.07 0
34.45 27.84 0
35.16 27.76 0
35.87 27.64 0
36.89 27.56 0
37.96 27.44 0
38.59 27.33 0
39.06 27.05 0
39.06 27.01 33
39.02 26.97 0
39.02 26.97 -33
39.02 26.97 0
39.3 26.97 0
39.65 27.21 0
40.32 27.4 0
40.48 27.92 0
40.95 28.19 0
41.15 28.7 0
40.56 28.9 0
39.81 29.02 0
39.18 28.9 0
37.25 28.82 0
34.69 28.82 0
33.08 28.82 0
33.43 28.23 0
33.94 28.04 0
34.41 27.8 0
35.12 27.72 0
35.83 27.6 0
36.85 27.52 0
37.92 27.4 0
38.43 27.29 0
39.02 27.05 0
39.02 26.97 33
43.94 21.7 0
43.94 21.7 -33
43.86 21.34 0
43.75 20.71 0
43.55 19.77 0
43.47 18.74 0
43.39 18.23 0
43.16 17.72 0
42.8 17.36 0
42.8 17.32 33
41.11 16.18 0
41.11 16.18 -33
41.11 16.34 0
41.66 16.73 0
42.09 17.17 0
42.6 17.52 0
42.56 18.07 0
42.72 18.86 0
42.8 19.84 0
42.76 20.4 0
42.64 21.14 0
42.6 23.23 0
42.6 23.94 0
42.64 24.49 0
42.88 25 0
43.12 25.52 0
43.16 26.03 0
43.35 26.5 0
43.67 26.93 0
43.94 27.37 0
43.9 28.78 0
43.75 29.26 0
43.75 32.09 0
43.9 32.96 0
43.78 33.74 33
43.94 32.56 0
43.94 32.56 -33
43.75 32.09 0
43.82 29.14 0
43.9 29.06 33
44.97 29.1 0
44.97 29.1 -33
44.97 29.22 0
44.69 29.65 0
44.57 30.32 0
44.73 31.5 0
44.77 32.01 0
44.89 32.52 0
45.01 33.08 0
45.12 33.35 33
45.32 33.94 0
45.32 33.94 -33
45.56 33.7 0
46.27 32.8 0
46.42 32.25 0
46.38 31.38 0
46.11 30.87 0
45.71 30.32 0
45.71 30.28 33
47.25 30.04 0
47.25 30.04 -33
47.45 29.81 0
47.37 28.43 0
47.41 27.48 0
46.97 27.13 0
46.97 27.09 33
44.18 25.12 0
44.18 25.12 -33
44.18 25.16 0
44.26 25.83 0
44.49 26.34 0
44.69 26.89 0
45.12 27.44 0
45.28 27.92 0
45.04 28.51 0
44.97 28.78 33
43.94 29.1 0
43.94 29.1 -33
44.02 29.18 0
44.1 29.69 0
44.18 30.95 0
44.22 31.46 0
44.18 32.09 0
44.1 32.41 33
44.1 32.41 0
44.1 32.41 -33
44.18 32.05 0
44.22 31.46 0
44.18 30.95 0
44.1 29.69 0
44.02 29.18 0
43.94 29.1 33
45.64 28.31 0
45.64 28.31 -33
45.64 28.35 0
45.44 28.82 0
45.24 29.1 33
45.75 29.77 0
45.75 29.77 -33
45.71 29.81 0
45.24 30.16 0
44.73 30.63 0
44.69 30.63 33
37.13 29.89 0
37.13 29.89 -33
37.05 29.96 0
35.95 30.04 0
35.32 30 0
34.81 30.2 0
34.34 30.48 0
34.22 30.99 0
34.02 31.46 0
33.7 31.85 0
34.37 31.97 0
34.41 32.01 33
15.59 28.19 0
15.59 28.19 -33
15.67 27.76 0
15.75 27.01 0
15.75 26.97 33
15.04 25.44 0
15.04 25.44 -33
15.04 25.48 0
14.92 25.99 0
15.28 25.48 0
15.71 25.83 0
16.07 26.42 0
16.3 26.89 0
16.34 27.4 0
16.26 28 0
16.38 28.15 33
16.7 28.04 0
16.7 28.04 -33
16.7 28.11 0
16.93 28.66 0
16.97 28.9 33
17.25 28.55 0
17.25 28.55 -33
17.36 28.35 0
17.4 27.8 0
17.44 27.76 33
18.35 26.58 0
18.35 26.58 -33
18.58 26.11 0
18.74 25.59 0
19.02 25.12 0
19.18 24.61 0
19.33 24.1 0
19.45 23.47 0
19.57 22.84 0
19.49 21.26 0
19.41 21.18 33
17.92 20.28 0
17.92 20.28 -33
17.96 20.2 0
18.23 19.69 0
18.43 19.22 0
18.74 18.7 0
18.9 18.55 33
19.06 18.19 0
19.06 18.19 -33
19.06 18.15 0
19.25 17.64 0
19.25 17.52 33
21.89 17.4 0
21.89 17.4 -33
21.85 17.32 0
21.85 16.81 0
21.97 16.3 0
22.13 15.79 0
22.33 15.04 0
22.44 14.53 0
22.44 13.94 0
22.44 13.86 33
24.41 16.18 0
24.41 16.18 -33
24.41 16.22 0
25.24 16.34 0
25.75 16.22 0
26.54 16.22 0
27.13 16.38 0
27.68 16.46 0
28.35 16.5 0
28.04 16.93 0
28.59 17.09 0
29.1 17.13 0
29.61 17.4 0
30.08 17.64 0
30.63 17.64 0
31.07 17.88 33
42.96 22.68 0
42.96 22.68 -33
42.96 22.72 0
43.16 23.35 0
43.39 23.82 0
43.55 24.33 0
43.71 24.85 0
43.9 25.36 0
43.86 25.44 33
46.66 25.71 0
46.66 25.71 -33
46.66 25.32 0
46.78 24.77 0
46.86 24.18 0
46.86 23.43 0
46.97 22.92 0
47.09 22.25 0
46.86 21.7 0
47.05 20.79 0
47.05 19.57 0
47.17 19.06 0
46.97 18.58 0
46.97 18.43 33
47.25 19.33 0
47.25 19.33 -33
47.33 19.41 0
47.49 21.07 0
47.33 21.7 0
47.21 21.93 33
47.21 21.93 0
47.21 21.93 -33
47.33 21.7 0
47.49 21.07 0
47.33 19.41 0
47.25 19.33 33
47.21 19.29 0
47.21 19.29 -33
47.17 19.33 0
47.05 20.79 0
46.86 21.7 0
47.05 22.05 33
45.64 22.4 0
45.64 22.4 -33
45.44 21.93 0
45.28 21.3 0
45.2 20.4 0
45.08 19.61 0
44.89 19.1 0
44.89 19.06 33
42.88 20.75 0
42.88 20.75 -33
42.88 20.79 0
43.08 21.42 0
43.16 21.93 0
43.35 22.56 0
43.55 22.96 33
44.49 22.64 0
44.49 22.64 -33
44.3 22.29 0
44.3 21.77 0
44.3 21.74 33
46.66 19.84 0
46.66 19.84 -33
46.62 19.45 0
46.42 18.94 0
46.19 18.47 0
46.19 18.43 33
47.49 16.73 0
47.49 16.73 -33
47.21 16.66 0
47.53 16.22 0
47.56 15.71 0
47.56 15.67 33
45.95 15.51 0
45.95 15.51 -33
46.15 15.08 0
46.34 14.61 0
46.27 14.1 0
46.46 13.62 0
46.46 13.51 33
46.03 14.33 0
46.03 14.33 -33
46.03 14.37 0
45.75 14.84 0
45.71 14.92 33
30.04 17.6 0
30.04 17.6 -33
29.89 17.56 0
29.45 17.32 0
29.18 16.85 0
29.26 16.77 33
19.41 21.18 0
19.41 21.18 -33
19.49 21.26 0
19.57 22.84 0
19.45 23.47 0
19.33 24.1 0
19.18 24.65 0
19.02 25.16 0
18.7 25.63 0
18.51 26.18 0
18.47 26.3 33
18.35 26.42 0
18.35 26.42 -33
18.31 25.95 0
18.43 25.44 0
18.58 24.96 0
18.74 24.45 0
18.9 23.86 0
19.06 23.23 0
19.14 22.64 0
19.25 21.89 0
19.33 21.18 0
19.37 21.14 33
16.38 20.16 0
16.38 20.16 -33
16.46 19.77 0
16.7 19.29 0
16.93 18.82 0
17.17 18.35 0
17.48 17.88 0
17.64 17.4 0
17.84 16.93 0
17.99 16.26 0
18.11 15.67 0
18.23 14.96 0
18.23 14.41 0
18.11 13.9 0
17.88 13.43 0
17.48 13.11 0
17.01 12.88 0
16.38 12.56 0
16.58 12.05 0
16.58 11.85 33
18.43 12.36 0
18.43 12.36 -33
18.58 12.4 0
19.14 12.09 0
19.61 11.85 0
19.69 11.77 33
20.91 14.1 0
20.91 14.1 -33
20.95 13.98 0
21.34 13.66 0
21.34 13.62 33
22.88 14.61 0
22.88 14.61 -33
22.96 14.41 0
23.35 13.86 0
23.47 13.74 33
24.45 15.32 0
24.45 15.32 -33
24.1 15.47 0
23.66 15.75 0
23.31 16.26 0
22.96 16.62 0
22.6 16.97 0
22.21 17.32 0
22.4 16.85 0
22.44 16.34 0
22.64 15.87 0
22.84 15.36 0
23.31 14.84 0
23.31 15.36 0
23.86 14.8 0
24.45 14.33 0
24.92 14.1 0
25.04 13.98 33
26.54 14.77 0
26.54 14.77 -33
26.5 14.8 0
25.95 14.92 0
25.4 15.04 0
24.96 15.28 0
25.44 15.12 0
25.95 14.92 0
26.54 14.84 0
27.68 14.8 0
28.19 14.92 0
28.74 15.08 0
29.33 15.51 0
29.77 15.75 0
30.16 16.07 0
30.67 16.42 0
31.03 16.66 33
30.4 17.4 0
30.4 17.4 -33
30.04 17.17 0
29.57 16.97 0
29.02 16.93 0
28.59 16.62 0
28.55 16.62 33
28.55 16.62 0
28.55 16.62 -33
28.59 16.62 0
29.1 17.01 0
29.02 17.17 33
29.3 16.81 0
29.3 16.81 -33
29.33 16.81 0
29.81 17.09 0
30.32 17.36 0
30.2 17.52 33
31.5 15.24 0
31.5 15.24 -33
31.5 15.28 0
31.7 15.75 0
31.85 16.26 0
32.17 16.73 0
32.56 16.73 33
40.04 14.14 0
40.04 14.14 -33
40.04 14.18 0
40.48 14.49 0
40.95 14.8 0
41.34 15.16 0
41.82 15.55 0
42.37 16.07 0
42.56 16.26 33
43.27 15.71 0
43.27 15.71 -33
43.27 15.67 0
43.04 15.2 0
42.8 14.69 0
42.52 14.21 0
42.17 13.7 0
41.46 12.99 0
40.91 12.4 0
40.67 11.93 0
40.24 11.38 0
40.16 11.3 33
38.94 12.28 0
38.94 12.28 -33
38.94 12.32 0
38.82 12.84 0
38.55 13.27 0
38.23 13.74 33
31.42 15.91 0
31.42 15.91 -33
31.42 15.87 0
30.99 15.4 0
30.99 15.36 33
29.69 15.2 0
29.69 15.2 -33
29.65 15.16 0
29.14 15.12 0
29.18 15.08 33
29.3 16.14 0
29.3 16.14 -33
29.26 16.1 0
28.74 15.95 0
28.74 15.87 33
28.51 16.58 0
28.51 16.58 -33
28.47 16.62 0
28.63 17.13 0
28.82 17.21 33
22.17 21.38 0
22.17 21.38 -33
22.01 21.07 0
21.85 20.36 0
21.81 19.84 0
21.66 19.33 0
21.46 18.7 0
21.3 19.18 0
21.03 19.65 0
21.14 19.1 0
21.46 18.62 0
21.46 18.07 0
21.42 17.56 0
21.34 16.5 0
21.34 16.46 33
16.54 16.62 0
16.54 16.62 -33
16.38 16.89 0
16.18 17.36 0
15.87 17.88 0
15.71 18.43 0
15.47 18.98 0
15.28 19.49 0
15.36 20 0
15.32 20.51 0
15.32 19.61 0
15.2 19.1 0
15.12 18.58 0
15.16 17.68 0
14.96 17.21 0
15.04 16.38 0
15.24 15.91 0
15.44 15.4 0
15.44 15.24 33
15.16 13.47 0
15.16 13.47 -33
15.04 13.43 0
15.2 12.95 0
15.32 12.84 33
15.44 14.96 0
15.44 14.96 -33
15.51 14.69 0
15.75 14.14 0
15.75 13.03 0
15.67 12.52 0
15.79 12.01 0
16.14 11.62 0
16.81 11.22 0
16.85 11.18 33
17.92 11.89 0
17.92 11.89 -33
17.8 11.62 0
17.52 11.06 0
17.76 10.59 0
17.8 10.04 0
17.84 9.53 0
18.11 9.06 0
18.78 8.54 0
19.29 8.15 0
19.77 7.88 0
20.28 7.64 0
20.75 7.44 0
21.26 7.21 0
21.77 6.93 0
22.21 6.69 0
22.68 6.42 0
23.15 6.18 0
23.7 5.87 0
24.18 5.63 0
24.69 5.55 0
25.24 5.2 0
25.28 5.16 33
30.75 7.91 0
30.75 7.91 -33
30.75 7.95 0
31.26 8.15 0
31.7 8.39 0
32.17 8.62 33
36.66 8.47 0
36.66 8.47 -33
36.66 8.51 0
37.25 8.98 0
37.68 9.33 0
38.15 9.65 0
38.59 9.96 0
38.98 10.28 0
39.49 10.75 0
40.12 10.99 33
40.48 11.02 0
40.48 11.02 -33
40.48 11.06 0
40.99 11.58 0
41.38 12.05 0
41.54 12.13 33
40.04 11.85 0
40.04 11.85 -33
40.04 11.89 0
40.36 12.28 0
40.67 12.72 0
40.67 12.76 33
40.6 15.2 0
40.6 15.2 -33
40.36 15.04 0
39.81 14.88 0
39.34 14.69 0
39.34 14.65 33
38.43 14.84 0
38.43 14.84 -33
38.43 14.88 0
38.12 15.36 0
38.23 15.44 33
35.12 14.65 0
35.12 14.65 -33
35.12 14.69 0
34.89 15.28 0
34.73 15.79 0
34.85 16.03 33
33.08 16.14 0
33.08 16.14 -33
33.08 15.75 0
32.96 15.12 0
32.76 14.61 0
32.44 14.18 0
32.44 14.14 33
32.41 13.98 0
32.41 13.98 -33
32.05 13.66 0
31.5 13.23 0
31.5 13.19 33
32.88 13.47 0
32.88 13.47 -33
32.84 13.43 0
32.41 13.15 0
31.89 12.95 0
31.42 12.68 0
30.87 12.36 0
30.4 12.17 0
29.77 11.93 0
28.98 11.85 0
27.6 11.89 0
27.09 11.93 0
26.03 11.93 0
25.44 12.05 0
24.85 12.13 0
25.36 12.05 0
25.95 11.93 0
27.01 11.93 0
27.52 11.89 0
27.56 11.85 33
27.33 12.48 0
27.33 12.48 -33
27.25 12.56 0
26.38 12.64 0
25.83 12.88 0
25.28 13.07 0
24.77 13.27 0
24.29 13.43 0
23.82 13.7 0
23.62 13.78 33
22.17 12.17 0
22.17 12.17 -33
22.09 12.25 0
21.5 12.36 0
21.03 12.56 0
20.4 12.76 0
19.73 12.95 0
19.02 13.11 0
18.27 13.19 0
17.88 13.27 33
18.98 14.14 0
18.98 14.14 -33
18.98 14.18 0
19.06 14.73 0
18.9 15.24 0
18.86 15.32 33
20.71 15.63 0
20.71 15.63 -33
20.75 15.44 0
20.99 15 0
21.26 14.53 0
21.46 14.02 0
21.58 13.9 33
23.07 13.9 0
23.07 13.9 -33
23.11 13.54 0
23.27 13.03 0
23.27 12.99 33
23.51 12.32 0
23.51 12.32 -33
23.51 12.21 0
23.74 11.73 0
24.06 11.18 0
24.41 10.67 0
24.45 10.63 33
27.37 9.88 0
27.37 9.88 -33
27.33 9.92 0
26.78 10.08 0
26.14 10.51 0
26.78 10.08 0
27.29 9.92 0
28.78 9.88 0
29.26 10.08 0
28.43 10.28 0
27.76 10.32 0
27.25 10.47 0
26.74 10.63 0
26.38 10.83 33
26.07 10.79 0
26.07 10.79 -33
26.03 10.83 0
25.59 11.14 0
25.08 11.42 0
24.69 11.77 0
24.65 11.89 33
24.57 12.05 0
24.57 12.05 -33
24.49 12.13 0
24.1 12.52 0
23.66 12.99 0
23.59 13.15 33
25.12 13.98 0
25.12 13.98 -33
25.12 14.02 0
25.63 14.25 0
25.12 14.37 0
24.81 14.8 0
25.28 14.61 0
25.71 14.25 0
26.22 14.18 0
27.09 14.1 0
27.76 14.06 0
28.27 14.18 0
28.98 14.33 0
29.57 14.53 0
30.04 14.73 0
30.32 14.8 33
31.93 11.22 0
31.93 11.22 -33
32.25 11.3 0
32.84 11.58 0
33.39 11.77 0
33.98 12.01 0
34.41 12.32 0
34.81 12.64 0
35.16 13.03 0
35.52 13.62 0
35.63 14.14 0
35.95 14.61 0
36.07 14.1 0
35.91 13.47 0
35.75 12.84 0
35.56 12.36 0
35.12 11.97 0
34.61 11.5 0
34.26 11.1 0
34.89 11.62 0
35.56 11.85 0
35.4 11.34 0
35.04 10.91 0
35.04 10.83 33
35.12 9.8 0
35.12 9.8 -33
35.12 9.84 0
35.52 10.36 0
35.71 10.95 0
36.07 11.5 33
37.6 10.91 0
37.6 10.91 -33
37.37 10.36 0
37.09 9.92 0
37.09 9.8 33
36.78 10.12 0
36.78 10.12 -33
36.78 10.24 0
37.05 10.75 0
37.25 11.22 0
37.41 11.73 0
37.6 12.21 0
37.76 12.76 0
38 13.27 0
38.15 13.78 0
37.92 14.25 0
37.68 14.73 0
37.48 15.2 0
37.25 15.75 0
37.09 16.14 33
35.79 15.71 0
35.79 15.71 -33
35.75 15.67 0
35.24 15.79 0
35.56 15.28 0
35.83 14.8 0
35.79 14.77 33
34.81 10.91 0
34.81 10.91 -33
34.41 10.63 0
33.98 10.36 0
33.47 9.96 0
32.96 9.73 0
32.52 9.45 0
32.01 9.21 0
31.5 9.06 0
30.99 8.82 0
30.99 8.78 33
30.63 9.25 0
30.63 9.25 -33
30.4 9.17 0
29.33 9.06 0
28.63 8.98 0
28.15 8.82 0
27.6 8.62 0
26.93 8.43 0
26.46 8.23 0
26.46 8.15 33
25.36 7.6 0
25.36 7.6 -33
25.32 7.56 0
24.65 7.4 0
24.14 7.32 0
22.92 7.36 0
22.4 7.4 0
22.92 7.36 0
22.96 7.32 33
21.85 8.03 0
21.85 8.03 -33
21.81 8.07 0
21.22 8.23 0
20.71 8.35 0
20.16 8.47 0
19.49 8.98 0
19.18 9.41 0
18.9 9.84 0
18.74 10.32 0
18.55 10.79 33
18.23 11.85 0
18.23 11.85 -33
18.58 11.58 0
19.14 11.22 0
19.65 10.91 0
20.2 10.59 0
20.71 10.36 0
20.75 10.32 33
22.33 8.43 0
22.33 8.43 -33
22.29 8.47 0
21.77 8.58 0
21.18 8.86 0
20.71 9.1 0
20.24 9.41 0
19.77 9.69 0
19.29 9.92 0
19.77 9.73 0
20.32 9.45 0
20.75 9.14 0
21.18 8.86 0
21.74 8.66 0
22.29 8.51 0
23.39 8.43 0
23.98 8.54 0
24.49 8.7 0
25.08 8.82 0
25.55 9.02 0
26.03 9.21 0
25.79 9.65 0
25.08 9.69 0
23.66 9.76 0
23 9.8 33
26.3 9.37 0
26.3 9.37 -33
26.3 9.45 0
26.81 9.61 0
26.89 9.65 33
27.13 9.14 0
27.13 9.14 -33
26.89 9.02 0
26.38 8.7 0
25.95 8.43 0
25.4 8.27 0
24.85 8.19 0
24.1 8.11 0
24.1 8.03 33
24.29 7.01 0
24.29 7.01 -33
24.57 7.01 0
25.4 7.05 0
26.78 7.17 0
27.56 7.24 0
28.15 7.36 0
28.78 7.44 0
29.26 7.6 0
30.12 7.76 0
30.63 7.91 0
30.52 7.4 0
30.08 7.13 0
29.41 6.58 0
28.94 6.3 0
28.43 5.95 0
28.43 5.91 33
34.93 8.27 0
34.93 8.27 -33
34.93 8.31 0
35.32 8.74 0
35.71 9.25 0
36.07 9.8 0
36.26 10.32 0
36.5 10.79 0
36.78 11.26 0
36.78 11.42 33
40.67 9.17 0
40.67 9.17 -33
40.67 9.21 0
40.95 9.69 0
41.11 9.84 33
41.78 11.54 0
41.78 11.54 -33
41.78 11.62 0
42.21 12.13 0
42.41 12.68 0
42.52 13.19 0
42.76 13.66 0
42.88 13.78 33
44.3 15.83 0
44.3 15.83 -33
44.49 15.36 0
44.53 14.84 0
44.45 14.33 0
44.34 12.99 0
44.26 12.4 0
44.06 11.89 0
43.63 11.46 0
43.43 10.95 0
43.27 10.47 0
43.12 9.92 0
43.19 9.37 0
42.84 8.9 0
42.52 8.43 0
42.21 7.99 0
42.21 7.95 33
41.5 7.76 0
41.5 7.76 -33
41.5 7.8 0
41.93 8.27 0
42.25 8.78 0
42.45 9.29 0
42.6 10 0
42.76 10.51 0
42.92 11.02 0
43.08 11.54 0
43.16 12.17 0
43.39 12.64 0
43.47 13.31 0
43.59 13.82 0
43.67 14.33 0
43.86 14.8 0
43.9 15.36 0
43.98 15.83 33
43.27 16.5 0
43.27 16.5 -33
43.27 16.54 0
43.67 17.05 0
44.14 17.25 0
44.69 17.29 0
45.24 17.48 0
45.71 17.88 0
46.11 18.19 0
45.64 17.72 0
46.23 17.13 0
46.58 17.56 0
46.9 17.99 0
46.58 17.52 0
46.27 17.09 0
46.82 17.01 0
47.21 17.48 0
47.41 17.4 33
46.46 16.34 0
46.46 16.34 -33
46.54 16.03 0
47.01 15.4 0
47.17 14.88 0
47.13 14.29 0
47.29 13.62 0
47.17 13.07 0
47.13 12.36 0
47.09 11.62 0
47.05 11.02 0
46.9 10.08 0
46.58 9.57 0
46.58 9.53 33
46.23 9.84 0
46.23 9.84 -33
46.27 9.45 0
45.95 9.06 0
45.71 8.62 0
45.32 8.07 0
45.32 8.03 33
43.27 8.43 0
43.27 8.43 -33
43.12 8.07 0
42.76 7.6 0
42.13 6.93 0
41.66 6.46 0
41.3 6.1 0
40.71 5.79 0
40.24 5.55 0
39.77 5.32 0
39.26 5.24 0
39.26 5.16 33
41.78 6.06 0
41.78 6.06 -33
41.74 6.1 0
42.25 6.18 0
42.45 6.26 33
43.55 6.62 0
43.55 6.62 -33
43.55 6.65 0
43.98 6.97 0
44.34 7.32 0
44.61 7.8 0
44.81 8.27 0
45.01 8.78 0
45.2 9.25 0
45.28 9.84 0
45.48 10.51 0
45.71 10.99 0
45.71 11.18 33
46.23 10.83 0
46.23 10.83 -33
46.23 11.34 0
46.07 11.85 0
46.03 11.93 33
44.06 11.66 0
44.06 11.66 -33
44.14 11.42 0
43.98 10.75 0
43.98 10.63 33
41.58 11.22 0
41.58 11.22 -33
41.58 11.18 0
41.26 10.75 0
40.32 9.8 0
39.38 8.94 0
38.86 8.54 0
38.47 8.15 0
38 7.88 0
37.41 7.48 0
36.85 7.17 0
36.38 6.77 0
35.87 6.46 0
35.4 6.02 0
35 5.71 0
34.61 5.39 0
34.61 5.36 33
34.61 5.98 0
34.61 5.98 -33
34.61 6.06 0
35.52 6.89 0
35.91 7.24 0
35.99 7.28 33
35.24 7.8 0
35.24 7.8 -33
34.81 7.32 0
34.1 6.54 0
34.1 6.5 33
33.19 6.65 0
33.19 6.65 -33
33.11 6.62 0
32.68 6.3 0
32.05 5.75 0
31.58 5.47 0
31.11 5.24 0
31.11 5.16 33
31.22 6.26 0
31.22 6.26 -33
30.79 5.98 0
30.28 5.67 0
29.77 5.32 0
29.77 5.28 33
26.78 6.3 0
26.78 6.3 -33
26.78 6.38 0
27.33 6.46 0
27.8 6.65 0
28.27 6.89 0
28.47 6.97 33
28.35 6.46 0
28.35 6.46 -33
28.15 6.38 0
27.8 6.02 0
27.25 5.75 0
26.78 5.55 0
25.36 5.67 0
24.81 5.55 0
24.85 5.51 33
0 0 0
